3.700000
1.500000
0.200000
-1.200000
-1.200000
1.100000
3.300000
0.000000
18.400000
5.800000
20.900000
23.100000
24.500000
25.900000
25.800000
23.500000
11.300000
13.800000
16.300000
18.800000
6.200000
21.400000
24.700000
8.700000
10.800000
13.400000
15.900000
8.300000
4.900000
4.900000
3.700000
3.500000
3.600000
2.400000
2.400000
3.400000
3.500000
2.200000
2.300000
1.000000
1.100000
2.100000
0.900000
1.000000
-0.300000
-0.200000
3.300000
2.100000
16.000000
16.000000
17.200000
17.200000
9.700000
18.400000
17.300000
17.300000
9.900000
18.600000
9.800000
18.500000
11.000000
4.700000
19.700000
11.000000
4.600000
19.700000
12.200000
5.800000
21.000000
9.900000
18.700000
9.900000
18.600000
11.200000
4.800000
19.900000
11.100000
4.700000
19.800000
6.000000
21.100000
12.300000
12.300000
6.000000
21.000000
13.500000
7.200000
22.300000
13.500000
7.100000
22.200000
11.200000
19.900000
12.500000
6.100000
21.200000
12.400000
6.100000
21.200000
13.700000
7.400000
22.400000
13.600000
7.300000
22.400000
14.800000
8.500000
23.600000
14.800000
8.400000
23.500000
13.800000
7.400000
22.500000
15.000000
8.600000
23.700000
14.900000
8.600000
23.700000
16.200000
24.900000
16.100000
24.800000
16.300000
17.500000
17.500000
18.800000
20.000000
14.700000
6.200000
21.300000
7.400000
22.500000
8.700000
14.700000
12.100000
9.600000
10.900000
13.400000
15.900000
8.300000
