69.000000	 0.021251	 1.101000	
54.000000	 2.546438	 1.101000	
141.000000	 5.067250	 1.101000	
140.000000	 7.582124	 1.101000	
139.000000	 10.098375	 1.101000	
142.000000	 12.623562	 1.101000	
68.000000	 15.145562	 1.101000	
47.000000	 17.670751	 1.101000	
91.000000	 -1.214289	 1.797813	
66.000000	 1.302141	 1.797813	
52.000000	 3.815571	 1.797813	
136.000000	 6.330357	 1.797813	
137.000000	 8.830644	 1.797813	
138.000000	 11.361143	 1.797813	
90.000000	 13.876357	 1.797813	
65.000000	 16.391568	 1.797813	
48.000000	 18.905140	 1.797813	
88.000000	 -1.214289	 3.272000	
63.000000	 1.302141	 3.272000	
51.000000	 3.815571	 3.272000	
130.000000	 6.330357	 3.272000	
67.000000	 8.830644	 3.272000	
53.000000	 11.361143	 3.272000	
87.000000	 13.876357	 3.272000	
62.000000	 16.391568	 3.272000	
42.000000	 18.905140	 3.272000	
111.000000	 -2.463372	 4.000000	
85.000000	 0.021251	 4.000000	
60.000000	 2.546438	 4.000000	
50.000000	 5.067250	 4.000000	
89.000000	 7.582124	 4.000000	
64.000000	 10.098375	 4.000000	
110.000000	 12.623562	 4.000000	
84.000000	 15.145562	 4.000000	
36.000000	 17.670751	 4.000000	
43.000000	 20.154752	 4.000000	
108.000000	 -2.463372	 5.453610	
81.000000	 0.021251	 5.453610	
58.000000	 2.546438	 5.453610	
49.000000	 5.067250	 5.453610	
86.000000	 7.582124	 5.453610	
61.000000	 10.098375	 5.453610	
107.000000	 12.623562	 5.453610	
80.000000	 15.145562	 5.453610	
37.000000	 17.670751	 5.453610	
44.000000	 20.154752	 5.453610	
124.000000	 -3.721000	 6.197900	
105.000000	 -1.214289	 6.197900	
79.000000	 1.302141	 6.197900	
56.000000	 3.815571	 6.197900	
109.000000	 6.330357	 6.197900	
83.000000	 8.830644	 6.197900	
59.000000	 11.361143	 6.197900	
104.000000	 13.876357	 6.197900	
78.000000	 16.391568	 6.197900	
38.000000	 18.905140	 6.197900	
45.000000	 21.411000	 6.197900	
122.000000	 -3.721000	 7.631998	
102.000000	 -1.214289	 7.631998	
76.000000	 1.302141	 7.631998	
55.000000	 3.815571	 7.631998	
106.000000	 6.330357	 7.631998	
82.000000	 8.830644	 7.631998	
57.000000	 11.361143	 7.631998	
101.000000	 13.876357	 7.631998	
75.000000	 16.391568	 7.631998	
39.000000	 18.905140	 7.631998	
46.000000	 21.411000	 7.631998	
120.000000	 -2.463372	 8.371221	
99.000000	 0.021251	 8.371221	
73.000000	 2.546438	 8.371221	
123.000000	 5.067250	 8.371221	
103.000000	 7.582124	 8.371221	
77.000000	 10.098375	 8.371221	
119.000000	 12.623562	 8.371221	
98.000000	 15.145562	 8.371221	
32.000000	 17.670751	 8.371221	
40.000000	 20.154752	 8.371221	
117.000000	 -2.463372	 9.823667	
96.000000	 0.021251	 9.823667	
71.000000	 2.546438	 9.823667	
121.000000	 5.067250	 9.823667	
100.000000	 7.582124	 9.823667	
74.000000	 10.098375	 9.823667	
116.000000	 12.623562	 9.823667	
95.000000	 15.145562	 9.823667	
33.000000	 17.670751	 9.823667	
41.000000	 20.154752	 9.823667	
114.000000	 -1.214289	 10.553000	
93.000000	 1.302141	 10.553000	
127.000000	 3.815571	 10.553000	
118.000000	 6.330357	 10.553000	
97.000000	 8.830644	 10.553000	
72.000000	 11.361143	 10.553000	
113.000000	 13.876357	 10.553000	
29.000000	 16.391568	 10.553000	
34.000000	 18.905140	 10.553000	
134.000000	 -1.214289	 12.029000	
129.000000	 1.302141	 12.029000	
126.000000	 3.815571	 12.029000	
115.000000	 6.330357	 12.029000	
94.000000	 8.830644	 12.029000	
70.000000	 11.361143	 12.029000	
133.000000	 13.876357	 12.029000	
30.000000	 16.391568	 12.029000	
35.000000	 18.905140	 12.029000	
132.000000	 0.021251	 12.724286	
128.000000	 2.546438	 12.724286	
125.000000	 5.067250	 12.724286	
112.000000	 7.582124	 12.724286	
92.000000	 10.098375	 12.724286	
135.000000	 12.623562	 12.724286	
131.000000	 15.145562	 12.724286	
31.000000	 17.670751	 12.724286	
