   0.0000
   0.0000
   0.0000
   0.0000
   0.5640
   0.0000
   0.4890
   0.0000
   0.4260
   0.0000
   0.3550
   0.0000
   0.2490
   0.0000
   0.1220
   0.0000
   0.0130
   0.0000
  -0.0670
   0.0000
   0.0000
   0.0000
   0.0000
   0.0000
   0.0000
   0.6370
   0.6020
   0.5620
   0.5170
   0.4840
   0.4440
   0.4160
   0.3710
   0.3380
   0.2780
   0.2320
   0.1620
   0.1110
   0.0520
   0.0090
  -0.0300
  -0.0620
  -0.0790
  -0.0990
   0.0000
   0.0000
   0.0000
   0.6860
   0.6450
   0.6000
   0.5490
   0.5090
   0.4630
   0.4310
   0.3840
   0.3510
   0.2990
   0.2550
   0.1920
   0.1420
   0.0800
   0.0400
  -0.0070
  -0.0340
  -0.0570
  -0.0710
  -0.0700
  -0.0740
   0.0000
   0.7360
   0.6890
   0.6390
   0.5810
   0.5370
   0.4820
   0.4470
   0.3930
   0.3610
   0.3080
   0.7260
   1.1360
   0.5230
   0.1000
   0.0580
   0.0040
  -0.0210
  -0.0530
  -0.0630
  -0.0710
  -0.0650
  -0.0540
  -0.0370
   0.7170
   0.6780
   0.6130
   0.5650
   0.5000
   0.4600
   0.3970
   0.3650
   0.2990
   0.2750
   0.6590
   1.1030
   0.5560
   0.0710
   0.0030
  -0.0210
  -0.0630
  -0.0720
  -0.0940
  -0.0850
  -0.0890
  -0.0650
  -0.0550
   0.0000
   0.6290
   0.5920
   0.5200
   0.4740
   0.4000
   0.3620
   0.2910
   0.2610
   0.1880
   0.1650
   0.0880
   0.0650
  -0.0070
  -0.0290
  -0.0820
  -0.0920
  -0.1260
  -0.1210
  -0.1400
  -0.1180
  -0.1260
   0.0000
   0.0000
   0.0000
   0.5250
   0.4870
   0.4100
   0.3620
   0.2830
   0.2460
   0.1700
   0.1410
   0.0680
   0.0410
  -0.0270
  -0.0500
  -0.1070
  -0.1180
  -0.1590
  -0.1600
  -0.1890
  -0.1780
  -0.1960
   0.0000
   0.0000
   0.0000
   0.0000
   0.0000
   0.0000
   0.3840
   0.0000
   0.2510
   0.0000
   0.1340
   0.0000
   0.0310
   0.0000
  -0.0620
   0.0000
  -0.1370
   0.0000
  -0.1860
   0.0000
  -0.2170
   0.0000
   0.0000
   0.0000
   0.0000
