         142
 molec
H      17.693   13.826   -0.000
H      19.858   12.564   -0.055
H      21.106   10.363   -0.147
H      22.366    5.656   -0.260
H      22.367    8.165   -0.250
H      19.852    1.261   -0.081
H      17.690   -0.000    0.000
H      21.104    3.459   -0.170
H       2.530   -0.005    0.047
H      15.160   -0.002    0.055
H       0.000   -0.000    0.000
H      -2.163    1.262   -0.054
H      -3.415    3.463   -0.091
H      -4.677    8.168   -0.104
H      -4.678    5.662   -0.113
H      -2.159   12.565   -0.043
H      10.109   13.837   -0.058
H       7.585   13.838   -0.078
H       5.062   13.833   -0.064
H       2.535   13.828   -0.041
H      15.163   13.830    0.006
H       0.007   13.825   -0.030
H      -3.412   10.366   -0.074
H      12.635   13.835   -0.017
H      10.108   -0.010    0.103
H       7.583   -0.012    0.095
H       5.058   -0.011    0.078
H      12.631   -0.009    0.092
C      16.398   10.553   -0.025
C      16.395   12.025   -0.012
C      17.696   12.719   -0.017
C      17.648    8.369   -0.062
C      17.649    9.825   -0.052
C      18.926   10.548   -0.074
C      18.892   12.022   -0.048
C      17.647    4.001   -0.051
C      17.647    5.456   -0.062
C      18.905    6.183   -0.106
C      18.905    7.641   -0.104
C      20.167    8.373   -0.145
C      20.145    9.814   -0.124
C      18.924    3.277   -0.083
C      20.143    4.009   -0.139
C      20.167    5.450   -0.153
C      21.411    6.213   -0.211
C      21.410    7.608   -0.207
C      17.692    1.107   -0.016
C      18.887    1.804   -0.060
N       5.077    5.455   -0.027
B       5.076    3.992   -0.006
C       3.810    3.265   -0.001
C       3.811    1.795    0.028
C      11.366    3.267    0.041
C       2.533    1.101    0.027
N       3.819    7.643   -0.056
B       3.822    6.183   -0.043
N      11.358    7.646   -0.021
C       2.556    5.454   -0.041
B      11.352    6.183   -0.010
C       2.559    3.993   -0.022
N      10.088    5.461   -0.454
C      16.395    3.274   -0.011
C       1.297    3.272   -0.025
B      10.098    3.998    0.015
C      16.391    1.801    0.007
C       1.300    1.800   -0.003
N       8.844    3.266    0.031
C      15.158    1.105    0.040
C      -0.002    1.108   -0.014
C      11.367   12.033   -0.033
C       2.562    9.829   -0.059
C      11.365   10.558   -0.029
C       2.561    8.366   -0.059
N      10.106    9.832   -0.046
C      16.386    7.643   -0.037
C       1.307    7.642   -0.059
B      10.092    8.373   -0.391
C      16.386    6.183   -0.034
C       1.308    6.181   -0.053
C      15.133    5.458   -0.008
C       0.045    5.456   -0.058
N       8.818    7.661   -0.966
C      15.133    3.996    0.005
C       0.044    4.000   -0.048
N       7.573    5.457   -0.472
C      13.878    3.271    0.030
C      -1.234    3.277   -0.059
B       7.590    3.995    0.000
C      13.879    1.797    0.050
C      -1.198    1.805   -0.043
C      10.108   12.731   -0.053
C       1.298   10.551   -0.055
C       8.849   12.040   -0.064
C      15.134    9.831   -0.016
C       0.046    9.824   -0.060
B       8.847   10.556   -0.057
C      15.133    8.369   -0.018
C       0.045    8.369   -0.064
N       7.592    9.828   -0.069
C      13.872    7.643   -0.008
C      -1.212    7.642   -0.073
B       7.574    8.375   -0.505
C      13.871    6.182    0.001
C      -1.212    6.184   -0.073
N       6.336    7.644   -0.058
C      12.621    5.454    0.013
C      -2.475    5.452   -0.086
B       6.336    6.180   -0.043
C      12.617    3.992    0.028
C      -2.453    4.011   -0.081
C       7.587   12.731   -0.074
C      13.881   10.556   -0.013
C      -1.232   10.549   -0.060
C       6.330   12.038   -0.071
C      12.618    9.834   -0.018
C      -2.451    9.815   -0.071
B       6.332   10.554   -0.067
C      12.617    8.370   -0.011
C      -2.475    8.375   -0.080
N       5.074    9.833   -0.066
C      -3.720    7.612   -0.096
B       5.077    8.369   -0.058
C      -3.720    6.217   -0.100
C       5.065   12.726   -0.066
C       3.814   12.027   -0.059
C       3.816   10.555   -0.062
C       2.537   12.720   -0.048
C       1.302   12.024   -0.047
N       6.330    3.265    0.017
C      15.161   12.723   -0.002
C       0.002   12.718   -0.040
C      13.883   12.030   -0.009
C      -1.194   12.021   -0.047
C      12.633   12.727   -0.018
C       6.327    1.791    0.048
C       8.846    1.791    0.062
C      11.365    1.793    0.068
C      10.106    1.097    0.080
C       7.585    1.096    0.070
C       5.061    1.096    0.054
C      12.630    1.099    0.074
B       8.817    6.183   -0.944
