0.0
-0.002312
-0.010306
-0.021323
-0.034158
-0.047071
-0.058472
-0.067728
-0.074539
-0.079853
-0.084142
-0.088006
-0.092309
-0.096865
-0.101394
-0.105505
-0.108236
-0.109436
-0.108983
-0.106693
-0.103571
-0.100149
-0.097653
-0.09624
-0.096336
-0.097857
-0.100425
-0.103663
-0.106626
-0.108772
-0.109899
-0.110046
-0.109266
-0.108393
-0.107355
-0.106584
-0.106097
-0.105445
-0.104342
-0.102026
-0.098525
-0.093243
-0.087346
-0.080987
-0.074886
-0.070345
-0.067078
-0.065754
-0.06637
-0.067422
-0.068981
-0.070233
-0.070863
-0.071154
-0.071245
-0.071931
-0.073732
-0.076293
-0.079832
-0.083681
-0.087669
-0.090682
-0.092862
-0.093187
-0.092552
-0.091394
-0.090014
-0.088712
-0.088473
-0.08898
-0.08997
-0.091008
-0.091399
-0.090927
-0.089764
-0.087627
-0.085078
-0.082345
-0.080423
-0.079352
-0.079941
-0.080978
-0.082933
-0.084915
-0.086698
-0.087517
-0.087421
-0.086776
-0.085147
-0.08417
-0.083083
-0.082803
-0.082959
-0.083836
-0.084159
-0.084422
-0.08394
-0.082343
-0.080277
-0.077627
-0.075276
-0.073436
-0.072725
-0.072762
-0.07399
-0.075772
-0.078068
-0.080353
-0.082279
-0.082993
-0.083058
-0.082853
-0.081949
-0.081654
-0.081396
-0.081874
-0.08245
-0.083724
-0.084948
-0.086734
-0.088501
-0.08999
-0.091529
-0.092785
-0.093541
-0.093859
-0.09324
-0.092497
-0.091039
-0.089064
-0.087114
-0.084754
-0.082734
-0.080911
-0.07939
-0.078249
-0.078075
-0.077959
-0.078188
-0.078714
-0.079108
-0.079366
-0.079293
-0.079164
-0.079109
-0.07892
-0.078889
-0.079084
-0.079596
-0.079926
-0.080241
-0.080321
-0.079943
-0.079382
-0.078896
-0.078053
-0.07756
-0.077716
-0.078343
-0.079701
-0.081192
-0.083188
-0.084953
-0.086436
-0.088151
-0.089631
-0.09088
-0.092755
-0.094373
-0.096207
-0.097251
-0.0979
-0.097378
-0.096086
-0.094015
-0.091568
-0.089329
-0.087387
-0.086138
-0.085916
-0.086225
-0.087129
-0.088542
-0.089826
-0.091129
-0.092165
-0.093539
-0.094368
-0.095104
-0.095716
-0.096218
-0.096209
-0.095542
-0.094265
-0.092009
-0.089027
-0.085634
-0.081806
-0.078017
-0.074565
-0.071754
-0.070059
-0.069119
-0.068319
-0.068416
-0.068859
-0.069173
-0.069849
-0.070641
-0.07153
-0.072691
-0.07414
-0.075437
-0.076862
-0.077868
-0.078103
-0.078259
-0.077854
-0.077392
-0.077066
-0.077236
-0.077516
-0.078478
-0.079808
-0.081501
-0.082918
-0.084146
-0.084827
-0.085224
-0.085283
-0.084857
-0.084899
-0.085538
-0.086537
-0.088386
-0.09073
-0.093144
-0.095695
-0.097655
-0.098847
-0.098831
-0.097877
-0.096111
-0.093774
-0.091123
-0.088801
-0.087048
-0.085898
-0.084821
-0.084256
-0.083065
-0.081613
-0.07957
-0.076715
-0.073917
-0.072021
-0.071055
-0.071456
-0.072698
-0.075359
-0.078306
-0.081612
-0.084014
-0.085518
-0.086144
-0.08549
-0.08491
-0.083854
-0.082942
-0.082284
-0.081955
-0.081722
-0.080977
-0.079856
-0.078249
-0.07624
-0.074048
-0.071989
-0.070712
-0.069843
-0.069909
-0.07108
-0.072805
-0.075186
-0.077897
-0.080422
-0.083279
-0.085549
-0.087309
-0.088774
-0.089841
-0.09022
-0.090329
-0.089448
-0.088108
-0.086196
-0.084094
-0.082009
-0.080363
-0.079597
-0.079747
-0.081202
-0.083692
-0.087
-0.090557
-0.093639
-0.096369
-0.097677
-0.098042
-0.097126
-0.095636
-0.09411
-0.09274
-0.091871
-0.091565
-0.091941
-0.092637
-0.092964
-0.092623
-0.091611
-0.090364
-0.088705
-0.087411
-0.086828
-0.086833
-0.087139
-0.087893
-0.088667
-0.089039
-0.088915
-0.088534
-0.087449
-0.086491
-0.085962
-0.085335
-0.085486
-0.085845
-0.086129
-0.086151
-0.085753
-0.084613
-0.082626
-0.080105
-0.077654
-0.075153
-0.072927
-0.071405
-0.070688
-0.070119
-0.070231
-0.069901
-0.069207
-0.068386
-0.067175
-0.065959
-0.064677
-0.064452
-0.064723
-0.065992
-0.067718
-0.070252
-0.072982
-0.075778
-0.078333
-0.080871
-0.083496
-0.086009
-0.088874
-0.092055
-0.095594
-0.099066
-0.102395
-0.105587
-0.107893
-0.109172
-0.109627
-0.108765
-0.106984
-0.104612
-0.101704
-0.098855
-0.095737
-0.093147
-0.090477
-0.088058
-0.085367
-0.082929
-0.080421
-0.078324
-0.076419
-0.074984
-0.074215
-0.073656
-0.073377
-0.07339
-0.07331
-0.073075
-0.072534
-0.072405
-0.072196
-0.072012
-0.072617
-0.073899
-0.075555
-0.077056
-0.078739
-0.07961
-0.079972
-0.079565
-0.078874
-0.077608
-0.076213
-0.075923
-0.076295
-0.077249
-0.0786
-0.080189
-0.082437
-0.084319
-0.086503
-0.088034
-0.089758
-0.091457
-0.093172
-0.094924
-0.096521
-0.097985
-0.09892
-0.098785
-0.098001
-0.096249
-0.094389
-0.091997
-0.089856
-0.088166
-0.087332
-0.087311
-0.08807
-0.08929
-0.090543
-0.091462
-0.091822
-0.091285
-0.089932
-0.088226
-0.086702
-0.084966
-0.084196
-0.083751
-0.083589
-0.083964
-0.08415
-0.084044
-0.083298
-0.081839
-0.08042
-0.078525
-0.077144
-0.075915
-0.074862
-0.073781
-0.073284
-0.072443
-0.07157
-0.070797
-0.070205
-0.070125
-0.070545
-0.071196
-0.072641
-0.074592
-0.076744
-0.078323
-0.079192
-0.079757
-0.0791
-0.078614
-0.077636
-0.077322
-0.077705
-0.07927
-0.081129
-0.084066
-0.086616
-0.088825
-0.090205
-0.090824
-0.090578
-0.089464
-0.088425
-0.087269
-0.08663
-0.086035
-0.0861
-0.085331
-0.084397
-0.082397
-0.079815
-0.076896
-0.073948
-0.071551
-0.069925
-0.069032
-0.069601
-0.071193
-0.073342
-0.076154
-0.078561
-0.080967
-0.082466
-0.083185
-0.083868
-0.08382
-0.083751
-0.084082
-0.084709
-0.086333
-0.08832
-0.090762
-0.09301
-0.094422
-0.095483
-0.096019
-0.095798
-0.095892
-0.095643
-0.095372
-0.095202
-0.094917
-0.094292
-0.093542
-0.092606
-0.091208
-0.089759
-0.088329
-0.086823
-0.085968
-0.085114
-0.08456
-0.084698
-0.084257
-0.083735
-0.083094
-0.081766
-0.080436
-0.078807
-0.076957
-0.075516
-0.074644
-0.074268
-0.074392
-0.074538
-0.074852
-0.074754
-0.074422
-0.073258
-0.071493
-0.069388
-0.067494
-0.0658
-0.064851
-0.064247
-0.064742
-0.065409
-0.066855
-0.068406
-0.070197
-0.071952
-0.073731
-0.075993
-0.077991
-0.079623
-0.08144
-0.082656
-0.08362
-0.083947
-0.084268
-0.084265
-0.084285
-0.085107
-0.08595
-0.087265
-0.08908
-0.091338
-0.093983
-0.096509
-0.099203
-0.101674
-0.103889
-0.105327
-0.106258
-0.106575
-0.106395
-0.105563
-0.104793
-0.103898
-0.10213
-0.100403
-0.098244
-0.09613
-0.093764
-0.090941
-0.088598
-0.086338
-0.084404
-0.082773
-0.081431
-0.080242
-0.079309
-0.078222
-0.077074
-0.075839
-0.074713
-0.07355
-0.073042
-0.07232
-0.072081
-0.072095
-0.072167
-0.072191
-0.071882
-0.071789
-0.071472
-0.071254
-0.071544
-0.072144
-0.072957
-0.074221
-0.075656
-0.077215
-0.079141
-0.080975
-0.0828
-0.08444
-0.085484
-0.086406
-0.087075
-0.087538
-0.087494
-0.08768
-0.087452
-0.087297
-0.086871
-0.08602
-0.084686
-0.083678
-0.082566
-0.081806
-0.08164
-0.081624
-0.082447
-0.083504
-0.084933
-0.086043
-0.087256
-0.087751
-0.088183
-0.08854
-0.08869
-0.088838
-0.08911
-0.089212
-0.089701
-0.089676
-0.088993
-0.088361
-0.087019
-0.085402
-0.083642
-0.082114
-0.080783
-0.080013
-0.079641
-0.079215
-0.078769
-0.078306
-0.077503
-0.076428
-0.075431
-0.074699
-0.074566
-0.074681
-0.075486
-0.076509
-0.077646
-0.078928
-0.07986
-0.080471
-0.080894
-0.081004
-0.080959
-0.080855
-0.080778
-0.080502
-0.080508
-0.080705
-0.080604
-0.08063
-0.080702
-0.081222
-0.082188
-0.083231
-0.084846
-0.086463
-0.088543
-0.089789
-0.091099
-0.091524
-0.09122
-0.090286
-0.088991
-0.087466
-0.085707
-0.084083
-0.082681
-0.082095
-0.081789
-0.08172
-0.082417
-0.082883
-0.084023
-0.085303
-0.086642
-0.088368
-0.090397
-0.092572
-0.094257
-0.095532
-0.096315
-0.096177
-0.095211
-0.094111
-0.092593
-0.091201
-0.08927
-0.088032
-0.08743
-0.08674
-0.086224
-0.085676
-0.085018
-0.084217
-0.083132
-0.082093
-0.081296
-0.080802
-0.080798
-0.080456
-0.080374
-0.080158
-0.078937
-0.077183
-0.075135
-0.072206
-0.069271
-0.067133
-0.065122
-0.063836
-0.063612
-0.064299
-0.065143
-0.066575
-0.067881
-0.069147
-0.069883
-0.070622
-0.071566
-0.072803
-0.074388
-0.076211
-0.078247
-0.080418
-0.082068
-0.083121
-0.083503
-0.082644
-0.080993
-0.079026
-0.07691
-0.074894
-0.073699
-0.073808
-0.074765
-0.076852
-0.079878
-0.08262
-0.085702
-0.088866
-0.091418
-0.093787
-0.095467
-0.097321
-0.098391
-0.099716
-0.100344
-0.100392
-0.099514
-0.098155
-0.096144
-0.093149
-0.090135
-0.087326
-0.084632
-0.082768
-0.082017
-0.081779
-0.081922
-0.082717
-0.083376
-0.083777
-0.084024
-0.084188
-0.084132
-0.084345
-0.0843
-0.084721
-0.085137
-0.085576
-0.085967
-0.085623
-0.08494
-0.083843
-0.08257
-0.081414
-0.080486
-0.07985
-0.079677
-0.079756
-0.079748
-0.07962
-0.078946
-0.078287
-0.077374
-0.077041
-0.077759
-0.079084
-0.081316
-0.084523
-0.088142
-0.091205
-0.093412
-0.094625
-0.093929
-0.092504
-0.090098
-0.087715
-0.085826
-0.084577
-0.084096
-0.084355
-0.084692
-0.084545
-0.083779
-0.082608
-0.08047
-0.077954
-0.075449
-0.073216
-0.071978
-0.071072
-0.070967
-0.071414
-0.072368
-0.07349
-0.074789
-0.076028
-0.077295
-0.078095
-0.079549
-0.081154
-0.083036
-0.085211
-0.087746
-0.089462
-0.090884
-0.091412
-0.091111
-0.090004
-0.089117
-0.08859
-0.088822
-0.089514
-0.091188
-0.093181
-0.094765
-0.09639
-0.096457
-0.095775
-0.094451
-0.091911
-0.089383
-0.087194
-0.085334
-0.083852
-0.082833
-0.081658
-0.080352
-0.078335
-0.075732
-0.072484
-0.06933
-0.066309
-0.064749
-0.064238
-0.064804
-0.06653
-0.068905
-0.071352
-0.073404
-0.075411
-0.075774
-0.075927
-0.075533
-0.074894
-0.075027
-0.075821
-0.076868
-0.077881
-0.079332
-0.080039
-0.0802
-0.079616
-0.079217
-0.078713
-0.078828
-0.079797
-0.081547
-0.084587
-0.087733
-0.091199
-0.094643
-0.097486
-0.099479
-0.100665
-0.101334
-0.101041
-0.100935
-0.100592
-0.100283
-0.100023
-0.099542
-0.098302
-0.096605
-0.093867
-0.090728
-0.087889
-0.085382
-0.083595
-0.082531
-0.081895
-0.081914
-0.082112
-0.082234
-0.08204
-0.081209
-0.080072
-0.078984
-0.077912
-0.076515
-0.075692
-0.07472
-0.073843
-0.072911
-0.071625
-0.070419
-0.069028
-0.068079
-0.067792
-0.06787
-0.069736
-0.07146
-0.07417
-0.077359
-0.080616
-0.08346
-0.085636
-0.087061
-0.088504
-0.089286
-0.09039
-0.091386
-0.092812
-0.094524
-0.096966
-0.099284
-0.101049
-0.102153
-0.102638
-0.102063
-0.100535
-0.09842
-0.095837
-0.092862
-0.090281
-0.087685
-0.085155
-0.082719
-0.081142
-0.079363
-0.07795
-0.076625
-0.076253
-0.076125
-0.076651
-0.077084
-0.077696
-0.078591
-0.079051
-0.079087
-0.07892
-0.078708
-0.077861
-0.077865
-0.07793
-0.077605
-0.077874
-0.077304
-0.07635
-0.07497
-0.073616
-0.071723
-0.070298
-0.069127
-0.068738
-0.069001
-0.06963
-0.070902
-0.072084
-0.073157
-0.07357
-0.073554
-0.073227
-0.071742
-0.070418
-0.069382
-0.069019
-0.069239
-0.070669
-0.072786
-0.075462
-0.078257
-0.081026
-0.083018
-0.084471
-0.085328
-0.085645
-0.085852
-0.086891
-0.087634
-0.089349
-0.090421
-0.091658
-0.092021
-0.091618
-0.090398
-0.088737
-0.086668
-0.085191
-0.083844
-0.083046
-0.082959
-0.083705
-0.085156
-0.086282
-0.088233
-0.089637
-0.09147
-0.092553
-0.093471
-0.094464
-0.094654
-0.094233
-0.093653
-0.092177
-0.090585
-0.088489
-0.08639
-0.084463
-0.083332
-0.082293
-0.082009
-0.082808
-0.083433
-0.084738
-0.086153
-0.087068
-0.088318
-0.089181
-0.090452
-0.091513
-0.092476
-0.09361
-0.094931
-0.09567
-0.095876
-0.095652
-0.094759
-0.092848
-0.090088
-0.086986
-0.083652
-0.08077
-0.078309
-0.076657
-0.075681
-0.075285
-0.074801
-0.073973
-0.072356
-0.070344
-0.068029
-0.06596
-0.064308
-0.063574
-0.06346
-0.06417
-0.065483
-0.066836
-0.068409
-0.069842
-0.070645
-0.071208
-0.071946
-0.072513
-0.073255
-0.074211
-0.075443
-0.077196
-0.078634
-0.079657
-0.080506
-0.080646
-0.080633
-0.080431
-0.080474
-0.08039
-0.081345
-0.082666
-0.084166
-0.086378
-0.087683
-0.088476
-0.088966
-0.08852
-0.088236
-0.088077
-0.08886
-0.090521
-0.09255
-0.094426
-0.096351
-0.096861
-0.096359
-0.09491
-0.093166
-0.091228
-0.089592
-0.088372
-0.088112
-0.088835
-0.089216
-0.0893
-0.088631
-0.087091
-0.084272
-0.08081
-0.077231
-0.0742
-0.072456
-0.071842
-0.071662
-0.072305
-0.072846
-0.073265
-0.072959
-0.071673
-0.070283
-0.068162
-0.066626
-0.066123
-0.066902
-0.06897
-0.072332
-0.076335
-0.080672
-0.084651
-0.087255
-0.089353
-0.090129
-0.090455
-0.090775
-0.091633
-0.093188
-0.095885
-0.098689
-0.101392
-0.103135
-0.103693
-0.102826
-0.100695
-0.098455
-0.095581
-0.09262
-0.090946
-0.089807
-0.089456
-0.089176
-0.088956
-0.088244
-0.086936
-0.085298
-0.083286
-0.081706
-0.079898
-0.079877
-0.079907
-0.08054
-0.081194
-0.081709
-0.081594
-0.081139
-0.080236
-0.07907
-0.078086
-0.077436
-0.076968
-0.076797
-0.077114
-0.077297
-0.077236
-0.076862
-0.076404
-0.075593
-0.074809
-0.07421
-0.0743
-0.075208
-0.076995
-0.079068
-0.081048
-0.082437
-0.082959
-0.082041
-0.080351
-0.077222
-0.074131
-0.071527
-0.069926
-0.069172
-0.06989
-0.071427
-0.072782
-0.073984
-0.073951
-0.073007
-0.071675
-0.070329
-0.0693
-0.069206
-0.070939
-0.073875
-0.077585
-0.081785
-0.085595
-0.08868
-0.09018
-0.090826
-0.090794
-0.089911
-0.089546
-0.089842
-0.090533
-0.091832
-0.093435
-0.094488
-0.094693
-0.09393
-0.091784
-0.089365
-0.087187
-0.085204
-0.084119
-0.084623
-0.086171
-0.088321
-0.090762
-0.092733
-0.094197
-0.094539
-0.093799
-0.092207
-0.090073
-0.08795
-0.086127
-0.084291
-0.082948
-0.08245
-0.081765
-0.081012
-0.079795
-0.078635
-0.076868
-0.075135
-0.07383
-0.073006
-0.072347
-0.072387
-0.072597
-0.072433
-0.072768
-0.072565
-0.072512
-0.072
-0.071735
-0.071703
-0.071666
-0.071623
-0.07184
-0.071628
-0.071477
-0.070782
-0.069741
-0.068933
-0.067879
-0.067505
-0.068114
-0.069411
-0.072097
-0.0752
-0.07887
-0.082448
-0.085476
-0.087888
-0.089463
-0.090093
-0.090391
-0.090746
-0.091291
-0.091832
-0.093335
-0.094757
-0.096571
-0.09772
-0.098509
-0.098851
-0.098424
-0.096806
-0.095324
-0.093609
-0.091818
-0.090346
-0.089072
-0.088132
-0.087287
-0.086172
-0.084642
-0.08301
-0.081025
-0.079007
-0.077069
-0.07557
-0.075031
-0.074735
-0.07508
-0.076075
-0.077133
-0.078009
-0.079157
-0.080389
-0.081769
-0.083205
-0.084868
-0.086399
-0.087721
-0.088777
-0.088854
-0.088463
-0.087429
-0.085983
-0.08452
-0.083219
-0.082284
-0.081803
-0.081952
-0.08244
-0.083213
-0.083328
-0.083184
-0.0827
-0.081552
-0.08029
-0.079119
-0.077746
-0.076673
-0.075837
-0.075383
-0.074646
-0.074482
-0.074894
-0.075288
-0.075994
-0.077258
-0.078281
-0.079385
-0.080196
-0.08056
-0.080728
-0.080618
-0.080261
-0.079906
-0.07909
-0.078834
-0.079092
-0.079856
-0.080669
-0.082215
-0.083792
-0.084543
-0.086051
-0.08661
-0.087008
-0.087542
-0.087927
-0.0882
-0.08859
-0.089103
-0.089344
-0.089339
-0.088777
-0.087735
-0.086189
-0.084392
-0.08239
-0.080654
-0.079
-0.078354
-0.078502
-0.079483
-0.081307
-0.083134
-0.084697
-0.085564
-0.086047
-0.086016
-0.085899
-0.085825
-0.086191
-0.087261
-0.088913
-0.090368
-0.09166
-0.09232
-0.091858
-0.090172
-0.087073
-0.083852
-0.080143
-0.076998
-0.074946
-0.074135
-0.07419
-0.075506
-0.07721
-0.078773
-0.080091
-0.080946
-0.080909
-0.080693
-0.080109
-0.079438
-0.079302
-0.079223
-0.079895
-0.080217
-0.080363
-0.08042
-0.080523
-0.080057
-0.079448
-0.079036
-0.079027
-0.079929
-0.081073
-0.08258
-0.084184
-0.085706
-0.086709
-0.087206
-0.087269
-0.087322
-0.087004
-0.087031
-0.087532
-0.088506
-0.089615
-0.090751
-0.091505
-0.091705
-0.091714
-0.090569
-0.089318
-0.087588
-0.086207
-0.085352
-0.08541
-0.085909
-0.086923
-0.087665
-0.087694
-0.086988
-0.084927
-0.082114
-0.078896
-0.076603
-0.074847
-0.074493
-0.074671
-0.076148
-0.077069
-0.07765
-0.077342
-0.075901
-0.073177
-0.069942
-0.066864
-0.064451
-0.062288
-0.061439
-0.061863
-0.062961
-0.064488
-0.065778
-0.066761
-0.067135
-0.06713
-0.067543
-0.068182
-0.069871
-0.072886
-0.076747
-0.081188
-0.085329
-0.089101
-0.092412
-0.094027
-0.094961
-0.09517
-0.095217
-0.095587
-0.096634
-0.097949
-0.100159
-0.102276
-0.104249
-0.105488
-0.105072
-0.103648
-0.100975
-0.097975
-0.095138
-0.092442
-0.090723
-0.089938
-0.089837
-0.090056
-0.09011
-0.08953
-0.087647
-0.085212
-0.081898
-0.078384
-0.075497
-0.073016
-0.072006
-0.071553
-0.071496
-0.071891
-0.072007
-0.071637
-0.070773
-0.06976
-0.068712
-0.068275
-0.068534
-0.069508
-0.070909
-0.072631
-0.074114
-0.075158
-0.075587
-0.075434
-0.074529
-0.073877
-0.073516
-0.073655
-0.075282
-0.077789
-0.080249
-0.08331
-0.08609
-0.088401
-0.089271
-0.089148
-0.088325
-0.087315
-0.086867
-0.086222
-0.086296
-0.086593
-0.08717
-0.087578
-0.088067
-0.087939
-0.087721
-0.087135
-0.086651
-0.086214
-0.086142
-0.086719
-0.088064
-0.089348
-0.09088
-0.091841
-0.092385
-0.092725
-0.092154
-0.091449
-0.091097
-0.090344
-0.090797
-0.091092
-0.091542
-0.091808
-0.09205
-0.091034
-0.089347
-0.086198
-0.082526
-0.078325
-0.073978
-0.070484
-0.067694
-0.066508
-0.066488
-0.067282
-0.068453
-0.070682
-0.07276
-0.074945
-0.076968
-0.079108
-0.081395
-0.083652
-0.085852
-0.087637
-0.089174
-0.090266
-0.090445
-0.090031
-0.088848
-0.087203
-0.085293
-0.083674
-0.082299
-0.08189
-0.081841
-0.081861
-0.08198
-0.081654
-0.08083
-0.079734
-0.078236
-0.076458
-0.075179
-0.074506
-0.074175
-0.074776
-0.07593
-0.077413
-0.07873
-0.080034
-0.080855
-0.081483
-0.081242
-0.081678
-0.081734
-0.082056
-0.082804
-0.083434
-0.083666
-0.0839
-0.083937
-0.083795
-0.083377
-0.083279
-0.083779
-0.084208
-0.085334
-0.086768
-0.087852
-0.088741
-0.089213
-0.089323
-0.088592
-0.087591
-0.085876
-0.08451
-0.083407
-0.082552
-0.082222
-0.082579
-0.082644
-0.082869
-0.082615
-0.082134
-0.081525
-0.08033
-0.079691
-0.079093
-0.079041
-0.079545
-0.080321
-0.081177
-0.082323
-0.082865
-0.08303
-0.083187
-0.082697
-0.0821
-0.082158
-0.081874
-0.082096
-0.082135
-0.08197
-0.08167
-0.081168
-0.080424
-0.079637
-0.078776
-0.078362
-0.078163
-0.07851
-0.079482
-0.080843
-0.082389
-0.083964
-0.085036
-0.085914
-0.086416
-0.086552
-0.086353
-0.086231
-0.086373
-0.086716
-0.086645
-0.086674
-0.086451
-0.085836
-0.085164
-0.084618
-0.084397
-0.084649
-0.08516
-0.08672
-0.088438
-0.090009
-0.091502
-0.092426
-0.092248
-0.091157
-0.089914
-0.088127
-0.086412
-0.085205
-0.084221
-0.083923
-0.083234
-0.082737
-0.081129
-0.07905
-0.07619
-0.073374
-0.070709
-0.068694
-0.06768
-0.067986
-0.069266
-0.071161
-0.072975
-0.074223
-0.074089
-0.073456
-0.071764
-0.06993
-0.068528
-0.067021
-0.067067
-0.068274
-0.070291
-0.072928
-0.075345
-0.077223
-0.078311
-0.078482
-0.077645
-0.076984
-0.076217
-0.075495
-0.075342
-0.075773
-0.07625
-0.076974
-0.077436
-0.07736
-0.077353
-0.076776
-0.07595
-0.075717
-0.075641
-0.076389
-0.077519
-0.07876
-0.080681
-0.08246
-0.083722
-0.084537
-0.085805
-0.087201
-0.088806
-0.091134
-0.094167
-0.097215
-0.100336
-0.102313
-0.103559
-0.103956
-0.103096
-0.102036
-0.100678
-0.099691
-0.099749
-0.100059
-0.100782
-0.101786
-0.102496
-0.102021
-0.100737
-0.098469
-0.095026
-0.091525
-0.088068
-0.085301
-0.083681
-0.082696
-0.082693
-0.083073
-0.083115
-0.083338
-0.082431
-0.081054
-0.079192
-0.077422
-0.076421
-0.075415
-0.075321
-0.075004
-0.074947
-0.074191
-0.073
-0.07075
-0.06857
-0.066387
-0.064626
-0.063399
-0.063319
-0.063825
-0.065376
-0.066927
-0.068446
-0.070123
-0.070642
-0.071136
-0.071367
-0.070891
-0.071323
-0.071761
-0.07278
-0.074146
-0.0753
-0.076332
-0.076966
-0.077461
-0.077343
-0.077847
-0.078754
-0.080035
-0.082727
-0.085309
-0.088509
-0.091834
-0.094998
-0.097324
-0.099003
-0.100138
-0.100691
-0.101294
-0.102249
-0.103359
-0.10463
-0.105576
-0.106259
-0.106038
-0.104816
-0.102351
-0.09873
-0.094221
-0.089378
-0.084788
-0.080605
-0.077195
-0.074701
-0.072502
-0.071131
-0.069484
-0.067896
-0.066392
-0.064917
-0.063966
-0.064081
-0.064767
-0.065621
-0.067579
-0.069602
-0.071344
-0.072503
-0.073348
-0.073884
-0.074183
-0.074777
-0.075488
-0.0769
-0.07819
-0.08043
-0.082152
-0.083503
-0.084317
-0.084443
-0.083967
-0.083433
-0.083135
-0.083727
-0.085163
-0.087476
-0.090596
-0.093931
-0.096835
-0.099234
-0.100392
-0.100373
-0.099776
-0.098455
-0.096923
-0.095621
-0.094666
-0.09444
-0.094306
-0.094038
-0.093296
-0.091639
-0.089042
-0.085571
-0.082518
-0.079773
-0.078148
-0.077382
-0.078246
-0.080408
-0.082613
-0.084671
-0.086367
-0.087045
-0.087134
-0.086564
-0.085686
-0.084626
-0.084132
-0.083955
-0.083591
-0.083048
-0.081905
-0.080005
-0.077069
-0.07348
-0.070014
-0.066773
-0.064661
-0.063759
-0.063796
-0.064949
-0.06653
-0.068416
-0.07021
-0.071542
-0.072796
-0.073856
-0.075342
-0.077663
-0.080138
-0.083278
-0.086516
-0.089843
-0.092057
-0.093602
-0.093723
-0.092555
-0.09078
-0.089231
-0.087875
-0.087514
-0.087805
-0.089177
-0.090579
-0.091519
-0.091821
-0.091297
-0.089379
-0.087171
-0.084982
-0.08243
-0.081159
-0.079532
-0.078657
-0.07769
-0.076922
-0.075687
-0.073822
-0.071813
-0.069959
-0.068759
-0.068668
-0.070053
-0.072685
-0.076335
-0.08005
-0.083351
-0.085921
-0.086957
-0.087005
-0.086161
-0.085379
-0.08456
-0.084164
-0.084739
-0.08593
-0.087344
-0.088634
-0.089453
-0.088958
-0.08794
-0.086452
-0.08464
-0.083551
-0.083341
-0.083943
-0.085152
-0.086849
-0.08795
-0.088404
-0.087904
-0.087053
-0.085473
-0.083584
-0.08171
-0.079975
-0.079364
-0.078379
-0.078269
-0.077888
-0.077266
-0.075571
-0.073198
-0.070957
-0.068524
-0.066973
-0.066282
-0.067109
-0.069197
-0.071946
-0.075171
-0.077822
-0.079581
-0.079927
-0.079201
-0.077833
-0.076536
-0.075149
-0.075001
-0.075796
-0.0779
-0.080072
-0.082776
-0.084801
-0.086418
-0.087036
-0.086967
-0.086591
-0.086753
-0.087291
-0.08932
-0.091917
-0.095191
-0.097936
-0.100825
-0.102313
-0.103074
-0.102746
-0.102327
-0.101346
-0.101044
-0.10089
-0.101547
-0.102311
-0.102728
-0.103002
-0.101816
-0.099798
-0.096289
-0.091849
-0.087223
-0.083021
-0.079318
-0.077333
-0.075966
-0.075313
-0.075269
-0.075088
-0.074545
-0.073024
-0.071557
-0.069601
-0.068227
-0.067078
-0.067344
-0.068477
-0.070019
-0.071721
-0.073024
-0.073568
-0.073387
-0.072013
-0.070244
-0.068352
-0.067563
-0.067287
-0.068115
-0.07007
-0.072369
-0.075118
-0.077152
-0.079232
-0.080902
-0.081699
-0.08241
-0.08279
-0.083455
-0.084331
-0.085313
-0.086176
-0.087185
-0.086951
-0.086272
-0.084681
-0.082421
-0.080535
-0.079383
-0.079062
-0.079794
-0.081061
-0.083116
-0.084882
-0.085811
-0.086502
-0.086395
-0.086144
-0.086118
-0.086425
-0.08699
-0.08843
-0.089781
-0.091404
-0.092477
-0.093116
-0.092306
-0.091001
-0.088955
-0.086879
-0.084841
-0.083483
-0.082701
-0.082927
-0.083493
-0.08428
-0.08516
-0.08581
-0.085927
-0.085952
-0.085199
-0.084728
-0.084213
-0.084037
-0.083752
-0.083214
-0.082544
-0.081724
-0.081061
-0.080158
-0.079521
-0.079183
-0.07909
-0.07937
-0.07968
-0.079944
-0.080328
-0.080045
-0.078999
-0.078133
-0.076814
-0.076201
-0.076033
-0.076842
-0.078133
-0.081003
-0.083596
-0.086046
-0.08808
-0.088525
-0.08842
-0.087091
-0.085365
-0.083998
-0.083272
-0.083477
-0.084371
-0.086115
-0.087547
-0.089018
-0.089348
-0.088661
-0.087418
-0.085855
-0.083898
-0.082936
-0.082934
-0.084054
-0.08562
-0.088337
-0.090981
-0.092867
-0.093931
-0.093626
-0.09217
-0.089877
-0.087503
-0.085108
-0.083241
-0.081609
-0.080846
-0.079942
-0.07921
-0.077575
-0.075854
-0.073233
-0.070841
-0.068379
-0.066466
-0.065651
-0.06559
-0.066278
-0.067086
-0.067651
-0.068261
-0.06824
-0.067793
-0.067138
-0.067138
-0.067564
-0.068202
-0.069376
-0.070594
-0.072212
-0.073508
-0.074586
-0.075105
-0.076073
-0.077087
-0.079053
-0.081612
-0.084666
-0.088182
-0.091714
-0.094834
-0.097477
-0.098825
-0.099321
-0.098951
-0.098035
-0.097123
-0.0965
-0.095887
-0.095585
-0.095267
-0.094271
-0.092402
-0.090174
-0.086716
-0.08374
-0.080421
-0.078143
-0.076749
-0.076263
-0.077173
-0.079417
-0.081968
-0.084255
-0.086146
-0.087364
-0.087197
-0.086563
-0.085523
-0.084612
-0.083852
-0.083513
-0.083392
-0.082983
-0.082364
-0.080934
-0.079124
-0.07626
-0.074009
-0.071989
-0.071013
-0.070653
-0.071679
-0.073547
-0.075386
-0.077453
-0.079023
-0.0799
-0.079927
-0.078919
-0.078026
-0.076847
-0.076157
-0.075776
-0.07546
-0.075438
-0.075635
-0.074995
-0.07378
-0.072687
-0.071463
-0.070262
-0.070208
-0.070877
-0.072798
-0.075151
-0.07851
-0.081519
-0.084653
-0.086427
-0.087431
-0.087702
-0.087034
-0.086132
-0.085478
-0.085032
-0.085149
-0.085598
-0.085718
-0.085823
-0.085834
-0.085377
-0.084531
-0.084134
-0.083636
-0.083596
-0.083404
-0.083845
-0.084261
-0.084644
-0.085138
-0.085074
-0.085338
-0.085217
-0.085077
-0.085614
-0.086729
-0.088312
-0.090118
-0.092161
-0.093676
-0.094484
-0.094987
-0.094335
-0.09327
-0.091703
-0.090352
-0.089066
-0.088384
-0.088037
-0.088072
-0.088507
-0.08833
-0.087689
-0.086576
-0.085208
-0.0839
-0.082863
-0.081888
-0.081758
-0.082091
-0.082549
-0.082398
-0.081749
-0.080505
-0.07823
-0.075652
-0.072745
-0.069743
-0.067665
-0.065989
-0.065658
-0.065758
-0.066768
-0.067595
-0.068689
-0.068833
-0.069112
-0.068276
-0.067849
-0.06713
-0.066716
-0.067476
-0.068758
-0.070562
-0.07253
-0.07453
-0.07651
-0.07802
-0.078995
-0.079629
-0.0799
-0.080004
-0.080728
-0.081206
-0.082053
-0.083071
-0.084525
-0.085889
-0.087392
-0.089263
-0.090928
-0.093122
-0.09489
-0.096693
-0.097885
-0.098519
-0.098847
-0.098104
-0.096793
-0.09497
-0.093207
-0.091626
-0.09055
-0.089862
-0.089805
-0.089909
-0.090532
-0.090537
-0.090089
-0.089568
-0.088515
-0.087042
-0.085527
-0.083893
-0.082502
-0.081154
-0.079882
-0.078394
-0.076917
-0.074541
-0.072335
-0.069906
-0.067224
-0.064621
-0.063
-0.062008
-0.06199
-0.063283
-0.065212
-0.068223
-0.071167
-0.074317
-0.077084
-0.079556
-0.08167
-0.083374
-0.084556
-0.085712
-0.086892
-0.087626
-0.088415
-0.089275
-0.08944
-0.090056
-0.090237
-0.090312
-0.090529
-0.090569
-0.091127
-0.091783
-0.092436
-0.093019
-0.093241
-0.092993
-0.092199
-0.091021
-0.089609
-0.088232
-0.087127
-0.086134
-0.085928
-0.08563
-0.085538
-0.085379
-0.084492
-0.083272
-0.081387
-0.079076
-0.076562
-0.074018
-0.072362
-0.071309
-0.07156
-0.071844
-0.073407
-0.074812
-0.075339
-0.075581
-0.074887
-0.073833
-0.072258
-0.071214
-0.070849
-0.071268
-0.072165
-0.074041
-0.075944
-0.077892
-0.079514
-0.079845
-0.079591
-0.078194
-0.076555
-0.075069
-0.074069
-0.073565
-0.073746
-0.07431
-0.07507
-0.075661
-0.075863
-0.075721
-0.074925
-0.0746
-0.074278
-0.075004
-0.076285
-0.078919
-0.081705
-0.084352
-0.086268
-0.087491
-0.087557
-0.087169
-0.086205
-0.085359
-0.084721
-0.084559
-0.084404
-0.084798
-0.084985
-0.084662
-0.083955
-0.083023
-0.081507
-0.080224
-0.079232
-0.078823
-0.079595
-0.081133
-0.083336
-0.085859
-0.088125
-0.089912
-0.091044
-0.091183
-0.090756
-0.090206
-0.089653
-0.08936
-0.089639
-0.090199
-0.090781
-0.091438
-0.091303
-0.090136
-0.088509
-0.086285
-0.084153
-0.082288
-0.081276
-0.081282
-0.082353
-0.083593
-0.08527
-0.086687
-0.087591
-0.087363
-0.086679
-0.08506
-0.082925
-0.080962
-0.078936
-0.076887
-0.075515
-0.074545
-0.073861
-0.072743
-0.072055
-0.071059
-0.06985
-0.068392
-0.067434
-0.066668
-0.06577
-0.06545
-0.065371
-0.065602
-0.066407
-0.067414
-0.068912
-0.070835
-0.073388
-0.076016
-0.078619
-0.081289
-0.083786
-0.085749
-0.087586
-0.088972
-0.090266
-0.091454
-0.092912
-0.094259
-0.09551
-0.096721
-0.097374
-0.097337
-0.096425
-0.094288
-0.092035
-0.088982
-0.085946
-0.083872
-0.082133
-0.081924
-0.082461
-0.083913
-0.08541
-0.086819
-0.087959
-0.0886
-0.08856
-0.088069
-0.086893
-0.086197
-0.085433
-0.084561
-0.084451
-0.084304
-0.084268
-0.084312
-0.083991
-0.083266
-0.081865
-0.080535
-0.078819
-0.077074
-0.074716
-0.073023
-0.071146
-0.069855
-0.068904
-0.06833
-0.068502
-0.068953
-0.069818
-0.070615
-0.071803
-0.07272
-0.073627
-0.074717
-0.075658
-0.076568
-0.077415
-0.078639
-0.080257
-0.081873
-0.083499
-0.085074
-0.086387
-0.087166
-0.087789
-0.08764
-0.087551
-0.087038
-0.086738
-0.085968
-0.085967
-0.085385
-0.084885
-0.084648
-0.083948
-0.083173
-0.082752
-0.082031
-0.082271
-0.082761
-0.08442
-0.086905
-0.089737
-0.09259
-0.095566
-0.097036
-0.097491
-0.096505
-0.094618
-0.09207
-0.088772
-0.085863
-0.083127
-0.080774
-0.078857
-0.077959
-0.077246
-0.076946
-0.076791
-0.077301
-0.077476
-0.077878
-0.078995
-0.080338
-0.08172
-0.083024
-0.084521
-0.085615
-0.086313
-0.086438
-0.085923
-0.085323
-0.084162
-0.082893
-0.081626
-0.08089
-0.079953
-0.079331
-0.07856
-0.077777
-0.077122
-0.076497
-0.076058
-0.075809
-0.075727
-0.076361
-0.077039
-0.077799
-0.078358
-0.079147
-0.079946
-0.080436
-0.081041
-0.081842
-0.082195
-0.082938
-0.083296
-0.083942
-0.084941
-0.08579
-0.086514
-0.087352
-0.087989
-0.088399
-0.08798
-0.087428
-0.086215
-0.084924
-0.083591
-0.082065
-0.080907
-0.080362
-0.079804
-0.079402
-0.079236
-0.078763
-0.078102
-0.077224
-0.076262
-0.075544
-0.074904
-0.074326
-0.074059
-0.074045
-0.074004
-0.074015
-0.073654
-0.073153
-0.07248
-0.072553
-0.072347
-0.073178
-0.073738
-0.074619
-0.075651
-0.076486
-0.076907
-0.077287
-0.077453
-0.077899
-0.078287
-0.078747
-0.080029
-0.08095
-0.08233
-0.083674
-0.084055
-0.084322
-0.083686
-0.082141
-0.080161
-0.07728
-0.074718
-0.07221
-0.070944
-0.070602
-0.071785
-0.073693
-0.076309
-0.078898
-0.081289
-0.082599
-0.083549
-0.084228
-0.084872
-0.085605
-0.086338
-0.087837
-0.089813
-0.091883
-0.093596
-0.095071
-0.096015
-0.096214
-0.096037
-0.09598
-0.095946
-0.096793
-0.098448
-0.10046
-0.102637
-0.104434
-0.105582
-0.105212
-0.103706
-0.100329
-0.096354
-0.091432
-0.086572
-0.081776
-0.07771
-0.074966
-0.072663
-0.071739
-0.071024
-0.07087
-0.070402
-0.069945
-0.069128
-0.068452
-0.067998
-0.067981
-0.06892
-0.069668
-0.071519
-0.073266
-0.074996
-0.076298
-0.076938
-0.077284
-0.07711
-0.076677
-0.076019
-0.075455
-0.074928
-0.074813
-0.07497
-0.07471
-0.074731
-0.074358
-0.074228
-0.073983
-0.073953
-0.073751
-0.074007
-0.074425
-0.075259
-0.076115
-0.076915
-0.077732
-0.078983
-0.080327
-0.081718
-0.08282
-0.084249
-0.084906
-0.085351
-0.08576
-0.085741
-0.08543
-0.084943
-0.084385
-0.083433
-0.08298
-0.082749
-0.082426
-0.082736
-0.082564
-0.082511
-0.082483
-0.0825
-0.082495
-0.082279
-0.082385
-0.082267
-0.082223
-0.082704
-0.08256
-0.082657
-0.082382
-0.082187
-0.08231
-0.082552
-0.083257
-0.083931
-0.085635
-0.08716
-0.088783
-0.089818
-0.090779
-0.090993
-0.090532
-0.089975
-0.089399
-0.089309
-0.089289
-0.089988
-0.091007
-0.092375
-0.094178
-0.095067
-0.095115
-0.094647
-0.093367
-0.091309
-0.088607
-0.08644
-0.083882
-0.082074
-0.080654
-0.079598
-0.078911
-0.078586
-0.078337
-0.077638
-0.077046
-0.076206
-0.075081
-0.0741
-0.073281
-0.072675
-0.072266
-0.07216
-0.072662
-0.072847
-0.07322
-0.073317
-0.073435
-0.073686
-0.073615
-0.073886
-0.074528
-0.074951
-0.075911
-0.077278
-0.078965
-0.081006
-0.083061
-0.085534
-0.088165
-0.090743
-0.093176
-0.094677
-0.096017
-0.096028
-0.095902
-0.094892
-0.093872
-0.092928
-0.091821
-0.091164
-0.090781
-0.0906
-0.09012
-0.089356
-0.088393
-0.087095
-0.084825
-0.082719
-0.080436
-0.078862
-0.077359
-0.076597
-0.076283
-0.075817
-0.075924
-0.075565
-0.074836
-0.073823
-0.072325
-0.070313
-0.067978
-0.065525
-0.063204
-0.061309
-0.060167
-0.059601
-0.059623
-0.059935
-0.060813
-0.062212
-0.063685
-0.065315
-0.067525
-0.069595
-0.072143
-0.074756
-0.077546
-0.080237
-0.082604
-0.084665
-0.086672
-0.087793
-0.089161
-0.090222
-0.091473
-0.09211
-0.093099
-0.093983
-0.094405
-0.094792
-0.095209
-0.095687
-0.096121
-0.097109
-0.098568
-0.099661
-0.101045
-0.102198
-0.102654
-0.102357
-0.101217
-0.098747
-0.095405
-0.091447
-0.087459
-0.083537
-0.080402
-0.077514
-0.075681
-0.074174
-0.07327
-0.0725
-0.071588
-0.070067
-0.068359
-0.066049
-0.064287
-0.062928
-0.062446
-0.063624
-0.06541
-0.068264
-0.071278
-0.074156
-0.075721
-0.076226
-0.075848
-0.074783
-0.073832
-0.072828
-0.073009
-0.074048
-0.075759
-0.077876
-0.08031
-0.081839
-0.082906
-0.083383
-0.082839
-0.082026
-0.081319
-0.081204
-0.081548
-0.082612
-0.084352
-0.086105
-0.087327
-0.088236
-0.088071
-0.087592
-0.086595
-0.085668
-0.085172
-0.085651
-0.0864
-0.087467
-0.088937
-0.089496
-0.089517
-0.088883
-0.087895
-0.08651
-0.084992
-0.084035
-0.083173
-0.083249
-0.083349
-0.083723
-0.08387
-0.08395
-0.083979
-0.083654
-0.083239
-0.08345
-0.083694
-0.084565
-0.085743
-0.087008
-0.088086
-0.088759
-0.088186
-0.087334
-0.085181
-0.08286
-0.080303
-0.078215
-0.076727
-0.075984
-0.076104
-0.076889
-0.078152
-0.079781
-0.080621
-0.081115
-0.080659
-0.080093
-0.078874
-0.077984
-0.076982
-0.076638
-0.076504
-0.076725
-0.077603
-0.078419
-0.079498
-0.080333
-0.081222
-0.082141
-0.083137
-0.083642
-0.084315
-0.084631
-0.084988
-0.084867
-0.084544
-0.084325
-0.083836
-0.083103
-0.082589
-0.0814
-0.080417
-0.078876
-0.077523
-0.07562
-0.074086
-0.072409
-0.071219
-0.070562
-0.070571
-0.071149
-0.072713
-0.074682
-0.076668
-0.078389
-0.079858
-0.080785
-0.081475
-0.08219
-0.082698
-0.083699
-0.085289
-0.087496
-0.089936
-0.092098
-0.094195
-0.095195
-0.095265
-0.094535
-0.093042
-0.091014
-0.089393
-0.088393
-0.088228
-0.089227
-0.091022
-0.092744
-0.094271
-0.094402
-0.093695
-0.091336
-0.087859
-0.083925
-0.079967
-0.076883
-0.075032
-0.073946
-0.074655
-0.075634
-0.076861
-0.078042
-0.078224
-0.078366
-0.077892
-0.077311
-0.077454
-0.078009
-0.079281
-0.080756
-0.082574
-0.083864
-0.084464
-0.084051
-0.082861
-0.081173
-0.079138
-0.077004
-0.075116
-0.074367
-0.074462
-0.075633
-0.077209
-0.078761
-0.080291
-0.081437
-0.081301
-0.081263
-0.080589
-0.079628
-0.079157
-0.079341
-0.080183
-0.081309
-0.082783
-0.083995
-0.084829
-0.085168
-0.085032
-0.08447
-0.084125
-0.083604
-0.083651
-0.083848
-0.08409
-0.084458
-0.083973
-0.083007
-0.081332
-0.079082
-0.07677
-0.074831
-0.073132
-0.072386
-0.072843
-0.074027
-0.075979
-0.077624
-0.079188
-0.080619
-0.081388
-0.081937
-0.081971
-0.081987
-0.082277
-0.083055
-0.083805
-0.084712
-0.085426
-0.085821
-0.085814
-0.084924
-0.083709
-0.082755
-0.082118
-0.081507
-0.081599
-0.082247
-0.08252
-0.082473
-0.082406
-0.081449
-0.080333
-0.07945
-0.078134
-0.077595
-0.077372
-0.077804
-0.078574
-0.079192
-0.079805
-0.079712
-0.07903
-0.077807
-0.076303
-0.07494
-0.074031
-0.073612
-0.074483
-0.07621
-0.078127
-0.080398
-0.082428
-0.083848
-0.084605
-0.085187
-0.085741
-0.086439
-0.086904
-0.088302
-0.089232
-0.090304
-0.090803
-0.090518
-0.089541
-0.087926
-0.086332
-0.084599
-0.083826
-0.083622
-0.084144
-0.085197
-0.086477
-0.087388
-0.088398
-0.088157
-0.087301
-0.085815
-0.08385
-0.082012
-0.08048
-0.079087
-0.078664
-0.078677
-0.078661
-0.078259
-0.077187
-0.075342
-0.073017
-0.070584
-0.068487
-0.066722
-0.066266
-0.066854
-0.068344
-0.070275
-0.072089
-0.074143
-0.075219
-0.075212
-0.074791
-0.074122
-0.073924
-0.074277
-0.075272
-0.077578
-0.079756
-0.082714
-0.08523
-0.087383
-0.088707
-0.089771
-0.090786
-0.092101
-0.093508
-0.095191
-0.096304
-0.097277
-0.09794
-0.097556
-0.096526
-0.09536
-0.093464
-0.091399
-0.089913
-0.089485
-0.08956
-0.0902
-0.091354
-0.092372
-0.09333
-0.09356
-0.093228
-0.092715
-0.091737
-0.090814
-0.090077
-0.089213
-0.089027
-0.088846
-0.088083
-0.087032
-0.085107
-0.082622
-0.079576
-0.076327
-0.072741
-0.069269
-0.066133
-0.063331
-0.061554
-0.060047
-0.059072
-0.058469
-0.058365
-0.05818
-0.058589
-0.058631
-0.059465
-0.060978
-0.062864
-0.065276
-0.0676
-0.070105
-0.072967
-0.075656
-0.077919
-0.080505
-0.082748
-0.084991
-0.086721
-0.088693
-0.090108
-0.091174
-0.09116
-0.091035
-0.09034
-0.089503
-0.088739
-0.088056
-0.087701
-0.087609
-0.087845
-0.087254
-0.0869
-0.086052
-0.084335
-0.083205
-0.082041
-0.081996
-0.082861
-0.084088
-0.086407
-0.088906
-0.090585
-0.091392
-0.090939
-0.089228
-0.086587
-0.083235
-0.07981
-0.077825
-0.076092
-0.075782
-0.075946
-0.076746
-0.077053
-0.077069
-0.076589
-0.075421
-0.074032
-0.07342
-0.072874
-0.07379
-0.07549
-0.078437
-0.08178
-0.08509
-0.087716
-0.089476
-0.090051
-0.089923
-0.089118
-0.088148
-0.088142
-0.088098
-0.088759
-0.0897
-0.090478
-0.090752
-0.090125
-0.089666
-0.088169
-0.087346
-0.086782
-0.086159
-0.086589
-0.087065
-0.087846
-0.088425
-0.088386
-0.087439
-0.086276
-0.084653
-0.083268
-0.082592
-0.082633
-0.083356
-0.084542
-0.085857
-0.086586
-0.086278
-0.084666
-0.081811
-0.077655
-0.073564
-0.069748
-0.067003
-0.06557
-0.065266
-0.066124
-0.067293
-0.06872
-0.06995
-0.070649
-0.070218
-0.070234
-0.070123
-0.070603
-0.072039
-0.074246
-0.077306
-0.080259
-0.083006
-0.084381
-0.084465
-0.083377
-0.081733
-0.079751
-0.078243
-0.077676
-0.078156
-0.079387
-0.08152
-0.083893
-0.085942
-0.086831
-0.086869
-0.086109
-0.084702
-0.083558
-0.082771
-0.082197
-0.082625
-0.083534
-0.084362
-0.084506
-0.084004
-0.081918
-0.079073
-0.075288
-0.0718
-0.068533
-0.0667
-0.066202
-0.066975
-0.06857
-0.070699
-0.072462
-0.073878
-0.07417
-0.074217
-0.073891
-0.074079
-0.074267
-0.075794
-0.078272
-0.081763
-0.085345
-0.088712
-0.09121
-0.092603
-0.093225
-0.092723
-0.092322
-0.091562
-0.091664
-0.092243
-0.093492
-0.094613
-0.095957
-0.096526
-0.096035
-0.094931
-0.092987
-0.090779
-0.089031
-0.087547
-0.087097
-0.087498
-0.088339
-0.089762
-0.090734
-0.091261
-0.090784
-0.090131
-0.08899
-0.087864
-0.087294
-0.087529
-0.088004
-0.088609
-0.089401
-0.089722
-0.088844
-0.087512
-0.085108
-0.082189
-0.078997
-0.075671
-0.072911
-0.070743
-0.068923
-0.067794
-0.067288
-0.06652
-0.065915
-0.064879
-0.06416
-0.06324
-0.062898
-0.063268
-0.063286
-0.063359
-0.064409
-0.06538
-0.066173
-0.067197
-0.067798
-0.068226
-0.068829
-0.069701
-0.071611
-0.073551
-0.07608
-0.079112
-0.082173
-0.084324
-0.085932
-0.086386
-0.085681
-0.084481
-0.083385
-0.082425
-0.082658
-0.083342
-0.084699
-0.086575
-0.088336
-0.089533
-0.09008
-0.090123
-0.089602
-0.088831
-0.088016
-0.087592
-0.088246
-0.088516
-0.088743
-0.089059
-0.088998
-0.088448
-0.087503
-0.086249
-0.08515
-0.084503
-0.084322
-0.084827
-0.085577
-0.086368
-0.087311
-0.087554
-0.087433
-0.086736
-0.08555
-0.084696
-0.083151
-0.08253
-0.082295
-0.082666
-0.083257
-0.083236
-0.0828
-0.081767
-0.080085
-0.078212
-0.076395
-0.07515
-0.074651
-0.075438
-0.076217
-0.077153
-0.077629
-0.077406
-0.076637
-0.075879
-0.074643
-0.074033
-0.074129
-0.074939
-0.076687
-0.079087
-0.081376
-0.083809
-0.085537
-0.086692
-0.086761
-0.087099
-0.087156
-0.087443
-0.088054
-0.088828
-0.090155
-0.091595
-0.09244
-0.092996
-0.09282
-0.092221
-0.09128
-0.089579
-0.088167
-0.087022
-0.086219
-0.085876
-0.085833
-0.086097
-0.086219
-0.086217
-0.086041
-0.085398
-0.084525
-0.083724
-0.082358
-0.08149
-0.080754
-0.080119
-0.079045
-0.078339
-0.077874
-0.077667
-0.077519
-0.077508
-0.078034
-0.078577
-0.079643
-0.080124
-0.08076
-0.081396
-0.082132
-0.081909
-0.081965
-0.08213
-0.081643
-0.081349
-0.08064
-0.079793
-0.078352
-0.076208
-0.073667
-0.070998
-0.068275
-0.066708
-0.065527
-0.065426
-0.066715
-0.068744
-0.071346
-0.073914
-0.075926
-0.077836
-0.079157
-0.079808
-0.079999
-0.079985
-0.080019
-0.080073
-0.080919
-0.082184
-0.083531
-0.085256
-0.086872
-0.087483
-0.087448
-0.087395
-0.086706
-0.086758
-0.087239
-0.087978
-0.089126
-0.090107
-0.090769
-0.090761
-0.090513
-0.089647
-0.088381
-0.086551
-0.084823
-0.083571
-0.08218
-0.081459
-0.080636
-0.080039
-0.079449
-0.078559
-0.076924
-0.075217
-0.073381
-0.07163
-0.070816
-0.070731
-0.071583
-0.072959
-0.074306
-0.075391
-0.075672
-0.075397
-0.074744
-0.074086
-0.073537
-0.074388
-0.075688
-0.078492
-0.08161
-0.084915
-0.087954
-0.090096
-0.091404
-0.091308
-0.089983
-0.088247
-0.086578
-0.0859
-0.086428
-0.088064
-0.09033
-0.092553
-0.09427
-0.095175
-0.094782
-0.093384
-0.091388
-0.088941
-0.086477
-0.084484
-0.082792
-0.082098
-0.081343
-0.080877
-0.080193
-0.079819
-0.079014
-0.077979
-0.076955
-0.076128
-0.075771
-0.075494
-0.076406
-0.077283
-0.078744
-0.079954
-0.081163
-0.082012
-0.082698
-0.083035
-0.083023
-0.082775
-0.08239
-0.081935
-0.081233
-0.080212
-0.079253
-0.078089
-0.076773
-0.076177
-0.075578
-0.076013
-0.076966
-0.078531
-0.080356
-0.082648
-0.084587
-0.086001
-0.087109
-0.087614
-0.087459
-0.086822
-0.08619
-0.085262
-0.084341
-0.08361
-0.082836
-0.082112
-0.081047
-0.079533
-0.077954
-0.076593
-0.075677
-0.075092
-0.07544
-0.076781
-0.078142
-0.080048
-0.081639
-0.082428
-0.082215
-0.080949
-0.079024
-0.07606
-0.073137
-0.070657
-0.068861
-0.068024
-0.068004
-0.068921
-0.070519
-0.072092
-0.07356
-0.075319
-0.07664
-0.077712
-0.078366
-0.079462
-0.08047
-0.081782
-0.083894
-0.085615
-0.087795
-0.089812
-0.091667
-0.093606
-0.094844
-0.095739
-0.096258
-0.096856
-0.09717
-0.097861
-0.098474
-0.099316
-0.099388
-0.099297
-0.098561
-0.097962
-0.096765
-0.095536
-0.094639
-0.093614
-0.09201
-0.090158
-0.088293
-0.086679
-0.084812
-0.08336
-0.082056
-0.081833
-0.081481
-0.082007
-0.082938
-0.083308
-0.083364
-0.08312
-0.082297
-0.081122
-0.079191
-0.077651
-0.075346
-0.073722
-0.073104
-0.072945
-0.073199
-0.073832
-0.074523
-0.07506
-0.075473
-0.075438
-0.074989
-0.07464
-0.074762
-0.075416
-0.076561
-0.078113
-0.080115
-0.081719
-0.082776
-0.083516
-0.082945
-0.081975
-0.08065
-0.079422
-0.078386
-0.077878
-0.078348
-0.079156
-0.080899
-0.082969
-0.084962
-0.086821
-0.088911
-0.090148
-0.091022
-0.091508
-0.091215
-0.090644
-0.089821
-0.088716
-0.087443
-0.086236
-0.085037
-0.083798
-0.082795
-0.081849
-0.080559
-0.07898
-0.077671
-0.07608
-0.075171
-0.074546
-0.073775
-0.073808
-0.074036
-0.074194
-0.073795
-0.073445
-0.07291
-0.071813
-0.071291
-0.070615
-0.070727
-0.070892
-0.071863
-0.073186
-0.074425
-0.076097
-0.077766
-0.079551
-0.080415
-0.081536
-0.082113
-0.082451
-0.082688
-0.082909
-0.083102
-0.083117
-0.082871
-0.082101
-0.081323
-0.080378
-0.07956
-0.079143
-0.079151
-0.080083
-0.081257
-0.083088
-0.085044
-0.087132
-0.088955
-0.090102
-0.090842
-0.091149
-0.091032
-0.090893
-0.090746
-0.090718
-0.090766
-0.091565
-0.092373
-0.093256
-0.093716
-0.093193
-0.092429
-0.090646
-0.088289
-0.085865
-0.082962
-0.080385
-0.077804
-0.07631
-0.074882
-0.07384
-0.072746
-0.072371
-0.071968
-0.071556
-0.070743
-0.070521
-0.069987
-0.069911
-0.070124
-0.070935
-0.072361
-0.074051
-0.075927
-0.078035
-0.080028
-0.081659
-0.082598
-0.083012
-0.083202
-0.082902
-0.082215
-0.081419
-0.080617
-0.080218
-0.079732
-0.079873
-0.08023
-0.080648
-0.081734
-0.082879
-0.083541
-0.084124
-0.084146
-0.083934
-0.083982
-0.08375
-0.083587
-0.083743
-0.084049
-0.084036
-0.083988
-0.083293
-0.082011
-0.080528
-0.078506
-0.076746
-0.075545
-0.074939
-0.074683
-0.07585
-0.077672
-0.079758
-0.081992
-0.084161
-0.085977
-0.086932
-0.0879
-0.088056
-0.088642
-0.089132
-0.090425
-0.091996
-0.093647
-0.095541
-0.096543
-0.096762
-0.096008
-0.094131
-0.091989
-0.08983
-0.08826
-0.087411
-0.087506
-0.088154
-0.088893
-0.089101
-0.08856
-0.086911
-0.084121
-0.081068
-0.077631
-0.074711
-0.072632
-0.07135
-0.071256
-0.071151
-0.0717
-0.07143
-0.071333
-0.070508
-0.069314
-0.068341
-0.067982
-0.068646
-0.06935
-0.071394
-0.073425
-0.075381
-0.077181
-0.077969
-0.078454
-0.07825
-0.077622
-0.076874
-0.07626
-0.07613
-0.076238
-0.077082
-0.077914
-0.079477
-0.08095
-0.082387
-0.08367
-0.084771
-0.085836
-0.086923
-0.088076
-0.088919
-0.089899
-0.090536
-0.091399
-0.091792
-0.091516
-0.09077
-0.090017
-0.088609
-0.088024
-0.087251
-0.08663
-0.0866
-0.086628
-0.086909
-0.087035
-0.087068
-0.086603
-0.085976
-0.085388
-0.084659
-0.084675
-0.084833
-0.085845
-0.08715
-0.088495
-0.089508
-0.090269
-0.090007
-0.08906
-0.088224
-0.086634
-0.086039
-0.085536
-0.085801
-0.086045
-0.086824
-0.087292
-0.087032
-0.086407
-0.085118
-0.083464
-0.0818
-0.080268
-0.079453
-0.079379
-0.0806
-0.081762
-0.083314
-0.084599
-0.085433
-0.085535
-0.084864
-0.083569
-0.081671
-0.079942
-0.077818
-0.076544
-0.075584
-0.07551
-0.075674
-0.075788
-0.076188
-0.076109
-0.075461
-0.074868
-0.073837
-0.073379
-0.073234
-0.073137
-0.073295
-0.073664
-0.073554
-0.073639
-0.073857
-0.07412
-0.075617
-0.076742
-0.078982
-0.080982
-0.082972
-0.084979
-0.085968
-0.086735
-0.087111
-0.087451
-0.086897
-0.086968
-0.087026
-0.087303
-0.087584
-0.088161
-0.088636
-0.089227
-0.088951
-0.088635
-0.088029
-0.086788
-0.08613
-0.084872
-0.083964
-0.083007
-0.082223
-0.081079
-0.079635
-0.078065
-0.076247
-0.074195
-0.072232
-0.070644
-0.069874
-0.069446
-0.069771
-0.071046
-0.072146
-0.073488
-0.074722
-0.075573
-0.075926
-0.076133
-0.076054
-0.075883
-0.075717
-0.075968
-0.07629
-0.077472
-0.07849
-0.079709
-0.080738
-0.081483
-0.081739
-0.081926
-0.081998
-0.082124
-0.082507
-0.082912
-0.083613
-0.08402
-0.085018
-0.085932
-0.086763
-0.087769
-0.088708
-0.089176
-0.089979
-0.090795
-0.09112
-0.091163
-0.091546
-0.092015
-0.092136
-0.092303
-0.092579
-0.092804
-0.0929
-0.092843
-0.092954
-0.092978
-0.092913
-0.092708
-0.092639
-0.09277
-0.092913
-0.09276
-0.092736
-0.092468
-0.091684
-0.090188
-0.088143
-0.085032
-0.082308
-0.079516
-0.076827
-0.074739
-0.073303
-0.071911
-0.071163
-0.070607
-0.069763
-0.069109
-0.068615
-0.068274
-0.068128
-0.068497
-0.068875
-0.069771
-0.071282
-0.07298
-0.075538
-0.077429
-0.079167
-0.080436
-0.081058
-0.081029
-0.080795
-0.080675
-0.080791
-0.081095
-0.082495
-0.084168
-0.085785
-0.087067
-0.088094
-0.088702
-0.088463
-0.087236
-0.085827
-0.084291
-0.082845
-0.08208
-0.081932
-0.082187
-0.083195
-0.084259
-0.085448
-0.085962
-0.086189
-0.085457
-0.084721
-0.083467
-0.082431
-0.081674
-0.081102
-0.08041
-0.080605
-0.080501
-0.080183
-0.080385
-0.080699
-0.081184
-0.082037
-0.082901
-0.083991
-0.085053
-0.086258
-0.087802
-0.088828
-0.089614
-0.090115
-0.090435
-0.090106
-0.09005
-0.089356
-0.08898
-0.088853
-0.087973
-0.086932
-0.085475
-0.083572
-0.081255
-0.079189
-0.076775
-0.075575
-0.074605
-0.073926
-0.074269
-0.074826
-0.07524
-0.075796
-0.076172
-0.076186
-0.076062
-0.076264
-0.076401
-0.077132
-0.078238
-0.079476
-0.081121
-0.083002
-0.084303
-0.085171
-0.085781
-0.085858
-0.086191
-0.085655
-0.085537
-0.085563
-0.085063
-0.085166
-0.085017
-0.084973
-0.084329
-0.083468
-0.082683
-0.081938
-0.081265
-0.080354
-0.079652
-0.079446
-0.079386
-0.079881
-0.080473
-0.081554
-0.082896
-0.084734
-0.086359
-0.08833
-0.090559
-0.092399
-0.094038
-0.095262
-0.096241
-0.096482
-0.096936
-0.097249
-0.098021
-0.098222
-0.098326
-0.097652
-0.096271
-0.094188
-0.091523
-0.088901
-0.086366
-0.084186
-0.082578
-0.081366
-0.080776
-0.080233
-0.080051
-0.079167
-0.07768
-0.075342
-0.073261
-0.070762
-0.068912
-0.067897
-0.067878
-0.068373
-0.069666
-0.070693
-0.07157
-0.071746
-0.071348
-0.070637
-0.070378
-0.070451
-0.071511
-0.073013
-0.075297
-0.078133
-0.081057
-0.083183
-0.084437
-0.084781
-0.084365
-0.083182
-0.081629
-0.080569
-0.079407
-0.079779
-0.080056
-0.08124
-0.082597
-0.083832
-0.084698
-0.085032
-0.08455
-0.084028
-0.083774
-0.08377
-0.08434
-0.085679
-0.087686
-0.08936
-0.090749
-0.091489
-0.091193
-0.089992
-0.087821
-0.085311
-0.082328
-0.079505
-0.077279
-0.075288
-0.074117
-0.073502
-0.073323
-0.073416
-0.074057
-0.074408
-0.074542
-0.0749
-0.074592
-0.074251
-0.073667
-0.073763
-0.073891
-0.074636
-0.075768
-0.07714
-0.078395
-0.079563
-0.079966
-0.080016
-0.080256
-0.080096
-0.07993
-0.079894
-0.080048
-0.081215
-0.08249
-0.084002
-0.08582
-0.08757
-0.089282
-0.090576
-0.091752
-0.09205
-0.092009
-0.092048
-0.091579
-0.091143
-0.091334
-0.091587
-0.091837
-0.092998
-0.093717
-0.094378
-0.095182
-0.095129
-0.095357
-0.094545
-0.093724
-0.092449
-0.09099
-0.089045
-0.087017
-0.085159
-0.08324
-0.082061
-0.081073
-0.080907
-0.08143
-0.081526
-0.082146
-0.082606
-0.08302
-0.083006
-0.083179
-0.082823
-0.081672
-0.081071
-0.079626
-0.07829
-0.077027
-0.075946
-0.075433
-0.074419
-0.073907
-0.073164
-0.072036
-0.071138
-0.070398
-0.070144
-0.070198
-0.070815
-0.071873
-0.073333
-0.074362
-0.075593
-0.076275
-0.076586
-0.076298
-0.07575
-0.075145
-0.074366
-0.074206
-0.074304
-0.074821
-0.075924
-0.077765
-0.079293
-0.080745
-0.081233
-0.081734
-0.081421
-0.081018
-0.080853
-0.08076
-0.081232
-0.08165
-0.082198
-0.082991
-0.083766
-0.084155
-0.084432
-0.084686
-0.084291
-0.084072
-0.083582
-0.083753
-0.083927
-0.084244
-0.084713
-0.085003
-0.085447
-0.085441
-0.085844
-0.086338
-0.086858
-0.087192
-0.088121
-0.088612
-0.088933
-0.08924
-0.089202
-0.089196
-0.089135
-0.089075
-0.088959
-0.08885
-0.088793
-0.088786
-0.088741
-0.089112
-0.089032
-0.088818
-0.088813
-0.088619
-0.088357
-0.088291
-0.088038
-0.087841
-0.087678
-0.087387
-0.086906
-0.08608
-0.084768
-0.083201
-0.081448
-0.079647
-0.077737
-0.07601
-0.074299
-0.073442
-0.072604
-0.072582
-0.073089
-0.074183
-0.075702
-0.077334
-0.079339
-0.080619
-0.081513
-0.081744
-0.081608
-0.080267
-0.078979
-0.07805
-0.077679
-0.077726
-0.078891
-0.080252
-0.08211
-0.084071
-0.085687
-0.086581
-0.087017
-0.087321
-0.087268
-0.087284
-0.086908
-0.08711
-0.087506
-0.087544
-0.087394
-0.086515
-0.085263
-0.083285
-0.08178
-0.079816
-0.078383
-0.077388
-0.076585
-0.076416
-0.075977
-0.076082
-0.076438
-0.076275
-0.076524
-0.076951
-0.077202
-0.077827
-0.078851
-0.07999
-0.080934
-0.082384
-0.083713
-0.085273
-0.086039
-0.0867
-0.087096
-0.087081
-0.087169
-0.086893
-0.086785
-0.085899
-0.085288
-0.083962
-0.082565
-0.080598
-0.079062
-0.077458
-0.076107
-0.075407
-0.074994
-0.074912
-0.075052
-0.074677
-0.075028
-0.074742
-0.074485
-0.074449
-0.07433
-0.07431
-0.07487
-0.075364
-0.076177
-0.077169
-0.077866
-0.07874
-0.079139
-0.079666
-0.08001
-0.080324
-0.080681
-0.081265
-0.081798
-0.082083
-0.082468
-0.08288
-0.083305
-0.083899
-0.084632
-0.085131
-0.085992
-0.087056
-0.087919
-0.088966
-0.089773
-0.090796
-0.091262
-0.091989
-0.091999
-0.092029
-0.092295
-0.092124
-0.092669
-0.092832
-0.09335
-0.093735
-0.093615
-0.093546
-0.092576
-0.091281
-0.089484
-0.08726
-0.085528
-0.083409
-0.081937
-0.08083
-0.079651
-0.079428
-0.078818
-0.078088
-0.076661
-0.074877
-0.072967
-0.070538
-0.068243
-0.066723
-0.065696
-0.065594
-0.066149
-0.067447
-0.069351
-0.071436
-0.073188
-0.074582
-0.07556
-0.076011
-0.075909
-0.076094
-0.076416
-0.077645
-0.078943
-0.080699
-0.082732
-0.0839
-0.084429
-0.084302
-0.0841
-0.082999
-0.082094
-0.081832
-0.082104
-0.082328
-0.083758
-0.085917
-0.087972
-0.090355
-0.092349
-0.093683
-0.094579
-0.094336
-0.093238
-0.091497
-0.090319
-0.089137
-0.088373
-0.087694
-0.087766
-0.087794
-0.088165
-0.088434
-0.088738
-0.088464
-0.088058
-0.087458
-0.086901
-0.08563
-0.084682
-0.083692
-0.082655
-0.081608
-0.080417
-0.07889
-0.076904
-0.074967
-0.072883
-0.070429
-0.06851
-0.066785
-0.065371
-0.06516
-0.065324
-0.065961
-0.067153
-0.068441
-0.0702
-0.071372
-0.072195
-0.072442
-0.07235
-0.072213
-0.072203
