0.0
-0.003772
-0.015345
-0.031983
-0.051296
-0.070695
-0.086867
-0.098578
-0.105812
-0.108436
-0.108295
-0.106809
-0.105899
-0.10598
-0.108636
-0.113408
-0.119946
-0.12685
-0.132863
-0.136735
-0.137809
-0.136241
-0.132273
-0.127086
-0.121839
-0.117608
-0.11515
-0.115076
-0.116315
-0.119254
-0.122738
-0.126012
-0.128631
-0.130214
-0.130165
-0.129146
-0.126526
-0.122443
-0.117209
-0.110706
-0.103041
-0.095174
-0.087371
-0.080628
-0.076166
-0.073922
-0.074471
-0.077671
-0.08165
-0.086537
-0.09125
-0.094981
-0.097212
-0.098439
-0.099021
-0.099456
-0.099604
-0.099766
-0.101075
-0.102329
-0.104961
-0.107932
-0.111328
-0.114579
-0.118008
-0.120101
-0.121642
-0.121518
-0.119816
-0.116647
-0.112165
-0.107017
-0.103092
-0.099765
-0.097603
-0.097951
-0.099322
-0.101668
-0.104186
-0.106731
-0.10836
-0.108821
-0.108472
-0.107263
-0.104689
-0.102082
-0.098593
-0.095193
-0.091936
-0.089316
-0.088348
-0.088424
-0.090083
-0.092557
-0.095284
-0.098277
-0.100911
-0.102042
-0.102365
-0.101597
-0.100055
-0.098666
-0.097306
-0.096574
-0.096853
-0.098391
-0.100627
-0.102852
-0.105193
-0.106644
-0.107076
-0.106113
-0.103783
-0.100665
-0.097266
-0.093614
-0.090308
-0.089078
-0.089251
-0.091738
-0.096249
-0.102004
-0.108736
-0.11514
-0.120413
-0.124064
-0.125106
-0.123251
-0.11884
-0.112855
-0.105473
-0.098293
-0.091826
-0.086953
-0.085027
-0.084865
-0.087006
-0.09037
-0.093939
-0.097435
-0.099375
-0.100352
-0.099795
-0.098537
-0.096159
-0.093989
-0.09216
-0.091233
-0.090636
-0.090876
-0.092063
-0.093823
-0.096111
-0.09876
-0.101553
-0.104417
-0.10719
-0.109595
-0.110605
-0.111431
-0.110779
-0.10983
-0.108377
-0.10745
-0.108372
-0.109902
-0.113372
-0.117779
-0.122145
-0.126093
-0.128891
-0.129992
-0.12919
-0.126675
-0.122788
-0.118187
-0.113268
-0.108707
-0.105341
-0.102972
-0.102247
-0.103248
-0.104626
-0.106782
-0.108388
-0.109389
-0.109082
-0.107168
-0.104136
-0.10013
-0.095557
-0.091895
-0.088734
-0.087138
-0.086506
-0.087435
-0.088862
-0.09016
-0.09157
-0.09232
-0.091223
-0.089428
-0.087028
-0.083961
-0.081203
-0.078632
-0.077406
-0.078084
-0.080337
-0.083815
-0.088665
-0.093853
-0.099576
-0.105027
-0.109562
-0.11245
-0.11428
-0.114805
-0.114033
-0.112674
-0.111202
-0.110012
-0.1096
-0.109828
-0.111296
-0.112552
-0.113971
-0.114974
-0.115414
-0.115807
-0.115411
-0.114908
-0.114646
-0.114159
-0.113848
-0.114201
-0.114122
-0.114292
-0.114666
-0.114247
-0.113241
-0.111356
-0.108466
-0.104909
-0.100266
-0.095574
-0.090608
-0.086407
-0.082598
-0.080257
-0.078917
-0.0786
-0.079377
-0.081228
-0.083859
-0.086556
-0.089267
-0.09157
-0.093429
-0.093564
-0.093886
-0.093496
-0.093001
-0.092704
-0.09334
-0.094305
-0.095909
-0.097742
-0.100163
-0.102426
-0.104234
-0.10551
-0.106681
-0.107566
-0.107261
-0.106524
-0.106035
-0.105092
-0.10403
-0.103154
-0.102474
-0.102068
-0.102192
-0.102389
-0.103119
-0.104055
-0.105344
-0.106507
-0.107066
-0.107257
-0.10657
-0.104875
-0.102728
-0.100003
-0.097351
-0.095518
-0.094353
-0.094256
-0.095155
-0.096989
-0.099077
-0.101166
-0.102517
-0.103987
-0.104254
-0.104242
-0.104728
-0.105496
-0.107257
-0.109826
-0.112532
-0.115572
-0.118426
-0.120527
-0.121585
-0.121417
-0.120492
-0.118733
-0.116952
-0.114497
-0.112734
-0.11151
-0.110923
-0.110654
-0.110885
-0.111204
-0.111867
-0.111677
-0.11145
-0.110937
-0.109962
-0.108646
-0.106539
-0.103716
-0.100281
-0.096564
-0.092302
-0.087963
-0.084596
-0.081481
-0.080249
-0.080097
-0.080793
-0.082062
-0.083763
-0.085403
-0.086591
-0.087073
-0.08754
-0.087722
-0.08787
-0.088782
-0.09031
-0.093032
-0.095767
-0.098527
-0.101114
-0.102718
-0.103922
-0.103695
-0.103365
-0.102246
-0.101128
-0.100602
-0.101636
-0.103866
-0.10692
-0.111626
-0.116834
-0.121744
-0.12589
-0.129349
-0.131455
-0.131923
-0.130762
-0.127964
-0.124085
-0.119259
-0.113864
-0.10861
-0.10343
-0.098765
-0.094882
-0.091532
-0.089166
-0.087157
-0.085583
-0.08434
-0.083304
-0.08231
-0.081546
-0.080423
-0.079572
-0.078538
-0.078382
-0.079582
-0.080781
-0.083047
-0.086872
-0.090827
-0.094983
-0.099222
-0.102804
-0.105869
-0.10778
-0.10887
-0.10943
-0.109164
-0.108654
-0.107914
-0.107093
-0.106787
-0.106915
-0.106811
-0.108138
-0.110022
-0.112182
-0.115603
-0.11896
-0.122288
-0.125019
-0.126954
-0.127209
-0.125942
-0.123645
-0.120441
-0.116665
-0.112841
-0.109486
-0.106688
-0.104885
-0.103524
-0.102316
-0.101512
-0.100652
-0.099179
-0.097843
-0.095862
-0.094439
-0.093366
-0.093479
-0.094941
-0.097019
-0.10043
-0.103863
-0.107086
-0.109778
-0.111109
-0.111664
-0.110834
-0.109671
-0.107826
-0.105625
-0.103456
-0.100215
-0.097637
-0.09491
-0.092685
-0.091118
-0.090265
-0.090233
-0.090995
-0.092844
-0.094228
-0.096423
-0.097883
-0.099505
-0.099727
-0.0995
-0.098673
-0.096652
-0.094284
-0.092079
-0.089898
-0.088576
-0.088153
-0.088742
-0.089716
-0.091177
-0.092584
-0.093497
-0.094153
-0.094247
-0.093461
-0.093452
-0.09322
-0.09347
-0.094867
-0.096472
-0.098971
-0.101309
-0.103416
-0.104992
-0.105716
-0.105185
-0.104357
-0.103245
-0.102193
-0.101778
-0.101672
-0.101752
-0.102599
-0.10374
-0.104439
-0.104662
-0.104832
-0.104397
-0.104395
-0.104661
-0.105309
-0.106507
-0.10844
-0.110531
-0.112914
-0.114623
-0.116488
-0.117262
-0.117882
-0.118211
-0.119168
-0.119269
-0.119838
-0.119813
-0.119328
-0.117742
-0.114939
-0.11144
-0.106196
-0.100817
-0.09567
-0.091161
-0.087617
-0.085769
-0.085588
-0.086543
-0.089258
-0.091284
-0.093752
-0.09545
-0.095708
-0.095075
-0.093553
-0.091684
-0.088958
-0.087867
-0.086949
-0.087133
-0.088318
-0.090114
-0.092174
-0.093856
-0.095724
-0.097435
-0.098443
-0.099724
-0.101541
-0.102897
-0.104633
-0.105801
-0.106725
-0.107342
-0.107772
-0.107951
-0.108586
-0.108889
-0.109874
-0.111174
-0.112643
-0.113715
-0.114407
-0.114609
-0.114317
-0.113334
-0.111553
-0.109562
-0.107631
-0.105391
-0.104067
-0.1034
-0.103718
-0.104174
-0.105218
-0.105879
-0.106264
-0.105411
-0.104072
-0.101955
-0.099482
-0.096427
-0.093492
-0.090791
-0.088584
-0.087494
-0.087656
-0.08836
-0.089999
-0.092004
-0.094473
-0.096704
-0.098158
-0.098772
-0.098206
-0.096875
-0.094419
-0.091442
-0.088524
-0.086945
-0.085973
-0.08719
-0.089609
-0.093241
-0.097983
-0.102606
-0.107042
-0.110885
-0.113828
-0.115285
-0.115827
-0.115367
-0.114111
-0.113019
-0.111834
-0.110856
-0.110716
-0.111004
-0.112119
-0.114035
-0.116428
-0.118296
-0.119159
-0.119331
-0.117913
-0.115208
-0.111761
-0.107332
-0.10301
-0.098818
-0.094894
-0.091953
-0.089901
-0.088879
-0.087874
-0.087774
-0.088021
-0.088451
-0.089304
-0.089644
-0.090241
-0.090618
-0.091209
-0.092052
-0.093304
-0.095213
-0.09749
-0.100436
-0.103812
-0.107057
-0.110442
-0.113458
-0.115318
-0.116938
-0.117249
-0.116588
-0.115087
-0.112681
-0.110219
-0.107789
-0.10564
-0.10451
-0.103859
-0.10469
-0.105744
-0.107471
-0.108693
-0.110046
-0.109628
-0.108075
-0.105325
-0.101262
-0.09664
-0.091778
-0.08687
-0.082694
-0.080129
-0.078814
-0.078635
-0.080515
-0.082415
-0.085693
-0.088857
-0.0916
-0.093644
-0.095484
-0.096104
-0.096881
-0.097073
-0.097301
-0.098362
-0.09895
-0.10149
-0.103778
-0.107022
-0.111193
-0.115545
-0.119578
-0.122412
-0.124593
-0.125385
-0.124253
-0.122599
-0.119444
-0.116519
-0.114051
-0.112223
-0.111662
-0.112584
-0.113477
-0.114938
-0.116234
-0.116724
-0.115874
-0.113773
-0.110622
-0.1063
-0.101843
-0.097685
-0.094143
-0.092022
-0.090492
-0.090337
-0.090019
-0.089916
-0.089722
-0.088168
-0.086574
-0.084673
-0.082072
-0.079375
-0.077025
-0.075504
-0.074597
-0.074654
-0.075863
-0.07839
-0.081778
-0.086784
-0.091441
-0.096355
-0.101022
-0.104038
-0.105563
-0.105196
-0.10354
-0.100818
-0.097629
-0.094752
-0.092936
-0.092785
-0.095081
-0.098667
-0.103481
-0.109436
-0.11482
-0.119602
-0.12307
-0.125236
-0.125247
-0.12468
-0.122233
-0.119311
-0.115899
-0.112943
-0.110525
-0.109266
-0.108571
-0.108555
-0.108347
-0.108006
-0.1071
-0.104525
-0.101016
-0.096794
-0.092163
-0.088663
-0.086036
-0.08517
-0.086487
-0.088929
-0.092302
-0.096244
-0.099898
-0.102323
-0.103554
-0.103154
-0.101683
-0.099472
-0.096217
-0.093463
-0.091072
-0.090143
-0.089986
-0.091859
-0.09509
-0.098482
-0.10247
-0.105652
-0.108369
-0.109769
-0.110468
-0.109728
-0.108454
-0.107445
-0.106111
-0.104979
-0.10486
-0.104606
-0.105299
-0.106302
-0.107281
-0.107921
-0.108312
-0.10837
-0.108004
-0.107258
-0.106278
-0.104795
-0.103133
-0.101022
-0.099408
-0.098144
-0.096786
-0.0965
-0.097384
-0.098639
-0.100108
-0.101843
-0.103639
-0.104236
-0.104168
-0.102764
-0.100934
-0.098182
-0.095318
-0.093228
-0.091576
-0.09127
-0.092507
-0.094448
-0.097335
-0.099762
-0.102004
-0.102909
-0.102481
-0.10088
-0.098537
-0.095912
-0.094269
-0.093684
-0.094567
-0.096692
-0.100207
-0.104503
-0.109033
-0.112486
-0.11503
-0.116126
-0.116029
-0.114623
-0.112474
-0.109499
-0.106832
-0.103904
-0.101717
-0.099936
-0.098967
-0.098818
-0.098879
-0.099983
-0.101301
-0.102846
-0.104597
-0.106601
-0.107768
-0.108268
-0.10764
-0.105754
-0.102789
-0.098563
-0.093689
-0.089555
-0.086558
-0.084997
-0.085233
-0.087153
-0.090126
-0.093409
-0.096236
-0.097554
-0.097199
-0.095896
-0.093739
-0.092269
-0.092127
-0.094284
-0.098655
-0.10486
-0.112533
-0.120087
-0.126546
-0.130743
-0.132477
-0.131153
-0.127409
-0.122236
-0.117009
-0.111636
-0.107788
-0.105554
-0.104716
-0.105453
-0.106882
-0.108762
-0.109989
-0.110349
-0.10975
-0.108647
-0.106411
-0.103703
-0.101278
-0.098002
-0.095267
-0.092826
-0.090909
-0.089202
-0.088006
-0.087506
-0.087149
-0.08748
-0.087372
-0.087399
-0.086341
-0.084759
-0.082062
-0.078279
-0.07418
-0.07096
-0.06912
-0.068962
-0.071881
-0.077227
-0.084449
-0.092612
-0.101495
-0.109048
-0.114364
-0.117836
-0.118773
-0.11789
-0.11559
-0.113339
-0.111299
-0.11032
-0.110531
-0.111685
-0.113325
-0.115677
-0.117197
-0.118228
-0.118118
-0.116942
-0.115579
-0.11413
-0.112885
-0.112332
-0.111933
-0.112135
-0.112322
-0.112326
-0.112223
-0.112018
-0.111772
-0.111341
-0.11071
-0.109184
-0.107177
-0.104347
-0.100878
-0.09622
-0.091946
-0.088059
-0.085255
-0.083834
-0.083819
-0.085919
-0.088382
-0.091769
-0.095532
-0.098465
-0.100468
-0.101013
-0.099963
-0.097202
-0.09429
-0.091552
-0.089624
-0.089305
-0.091227
-0.094128
-0.098101
-0.103023
-0.107125
-0.11013
-0.111979
-0.112069
-0.111147
-0.10891
-0.10666
-0.104547
-0.102324
-0.101764
-0.101375
-0.101336
-0.101517
-0.101316
-0.100997
-0.100296
-0.098875
-0.097544
-0.0957
-0.093781
-0.091713
-0.089332
-0.086828
-0.084636
-0.082794
-0.081645
-0.081602
-0.082668
-0.08451
-0.087312
-0.090797
-0.094335
-0.097572
-0.10002
-0.101964
-0.102522
-0.102325
-0.101675
-0.101042
-0.10074
-0.101517
-0.103351
-0.105639
-0.109098
-0.112064
-0.114823
-0.11679
-0.118024
-0.117845
-0.116887
-0.114899
-0.113006
-0.111178
-0.109685
-0.108557
-0.107716
-0.107578
-0.107625
-0.107585
-0.107376
-0.107008
-0.105971
-0.104142
-0.101755
-0.098459
-0.095403
-0.092576
-0.089399
-0.086986
-0.085253
-0.084188
-0.083795
-0.085133
-0.087265
-0.090267
-0.09392
-0.097655
-0.10053
-0.102271
-0.10291
-0.102277
-0.101687
-0.100603
-0.100633
-0.101568
-0.103504
-0.106547
-0.109833
-0.113291
-0.11654
-0.118568
-0.119949
-0.119744
-0.118458
-0.115832
-0.113174
-0.110034
-0.107557
-0.106003
-0.105251
-0.106243
-0.107598
-0.110007
-0.111885
-0.113203
-0.113563
-0.112745
-0.110779
-0.107936
-0.104205
-0.100653
-0.097814
-0.096113
-0.094942
-0.09516
-0.096282
-0.097452
-0.098519
-0.098786
-0.098346
-0.09607
-0.09336
-0.090427
-0.087142
-0.084089
-0.082225
-0.080987
-0.080808
-0.081854
-0.082665
-0.083713
-0.084766
-0.085458
-0.086117
-0.086275
-0.086772
-0.087344
-0.089176
-0.091343
-0.093861
-0.097043
-0.100726
-0.103983
-0.10659
-0.109056
-0.110854
-0.112163
-0.113215
-0.113893
-0.11438
-0.114606
-0.114451
-0.114456
-0.113983
-0.112904
-0.111304
-0.109347
-0.107114
-0.105045
-0.103768
-0.103219
-0.104057
-0.105418
-0.107201
-0.109249
-0.110989
-0.111322
-0.111565
-0.110772
-0.109463
-0.107853
-0.106249
-0.104766
-0.103977
-0.103454
-0.102671
-0.102304
-0.101393
-0.100121
-0.098277
-0.095374
-0.092031
-0.088877
-0.086019
-0.084565
-0.084383
-0.085389
-0.087713
-0.091324
-0.095335
-0.099576
-0.10405
-0.107644
-0.110981
-0.113133
-0.114165
-0.113999
-0.112672
-0.109965
-0.10689
-0.103412
-0.100545
-0.098381
-0.096955
-0.096535
-0.097227
-0.098814
-0.100724
-0.103253
-0.105073
-0.10612
-0.106804
-0.10666
-0.105354
-0.103827
-0.101854
-0.100215
-0.099451
-0.098608
-0.099162
-0.100163
-0.100922
-0.101781
-0.101686
-0.101257
-0.10014
-0.098163
-0.095538
-0.092859
-0.090602
-0.088443
-0.087629
-0.087648
-0.088655
-0.09099
-0.09354
-0.0961
-0.098799
-0.100762
-0.102027
-0.102702
-0.102885
-0.102571
-0.102382
-0.101579
-0.10116
-0.10075
-0.10136
-0.102147
-0.103563
-0.10531
-0.107674
-0.109886
-0.112206
-0.114065
-0.115631
-0.115597
-0.114948
-0.113362
-0.110809
-0.107851
-0.104114
-0.10101
-0.098188
-0.096208
-0.09483
-0.094385
-0.094219
-0.093873
-0.093654
-0.092625
-0.090837
-0.088611
-0.085581
-0.082217
-0.079003
-0.076052
-0.07472
-0.07435
-0.075757
-0.078313
-0.082224
-0.086484
-0.090126
-0.093371
-0.095066
-0.096153
-0.096526
-0.096742
-0.097609
-0.099414
-0.101539
-0.104645
-0.108105
-0.111524
-0.115718
-0.119208
-0.122356
-0.125002
-0.126673
-0.127378
-0.12692
-0.125424
-0.123543
-0.120794
-0.118483
-0.116216
-0.114791
-0.114028
-0.113009
-0.112038
-0.110931
-0.109068
-0.106763
-0.103427
-0.099931
-0.095766
-0.091644
-0.088162
-0.085125
-0.083412
-0.082836
-0.083478
-0.084711
-0.086445
-0.087452
-0.088556
-0.088624
-0.08786
-0.086797
-0.085626
-0.084451
-0.084214
-0.085145
-0.086577
-0.089149
-0.093203
-0.097276
-0.101863
-0.105865
-0.10963
-0.112174
-0.114145
-0.115221
-0.115158
-0.115375
-0.114988
-0.114569
-0.114129
-0.113745
-0.113055
-0.112868
-0.11247
-0.112699
-0.112756
-0.113089
-0.113353
-0.113118
-0.112094
-0.110616
-0.108258
-0.105431
-0.102716
-0.100305
-0.09894
-0.098022
-0.098156
-0.099045
-0.100578
-0.101926
-0.102893
-0.102607
-0.101813
-0.100055
-0.097119
-0.093957
-0.090307
-0.087633
-0.085289
-0.0844
-0.084972
-0.086778
-0.08887
-0.091127
-0.092816
-0.093776
-0.093919
-0.093783
-0.09371
-0.093819
-0.094958
-0.096474
-0.098348
-0.101166
-0.102715
-0.104118
-0.105079
-0.105477
-0.105384
-0.105655
-0.105684
-0.106294
-0.107103
-0.108123
-0.108625
-0.108633
-0.107243
-0.105068
-0.102184
-0.098383
-0.095076
-0.092142
-0.090355
-0.089637
-0.09061
-0.092499
-0.094459
-0.09604
-0.097262
-0.09741
-0.096793
-0.095099
-0.093684
-0.092607
-0.09255
-0.093634
-0.096246
-0.099802
-0.103483
-0.106528
-0.109628
-0.111207
-0.111848
-0.111968
-0.112255
-0.112451
-0.112854
-0.113908
-0.115408
-0.116981
-0.118482
-0.119283
-0.120395
-0.120154
-0.119269
-0.118188
-0.116493
-0.114572
-0.113155
-0.111786
-0.110937
-0.110332
-0.109921
-0.109226
-0.108566
-0.107585
-0.106156
-0.104752
-0.10314
-0.101662
-0.099944
-0.098425
-0.096644
-0.094151
-0.091807
-0.089182
-0.086961
-0.084622
-0.08344
-0.082653
-0.082483
-0.082248
-0.082633
-0.083254
-0.084167
-0.085394
-0.086918
-0.089176
-0.091892
-0.094784
-0.097128
-0.099644
-0.100826
-0.101346
-0.101291
-0.100184
-0.099014
-0.097579
-0.096481
-0.095986
-0.095443
-0.095896
-0.096395
-0.097171
-0.098469
-0.099757
-0.101394
-0.102535
-0.103896
-0.105154
-0.106085
-0.107396
-0.108634
-0.109565
-0.11051
-0.111389
-0.11149
-0.111359
-0.110347
-0.108762
-0.106647
-0.10465
-0.101349
-0.098854
-0.096393
-0.09358
-0.090997
-0.088078
-0.08577
-0.084537
-0.084702
-0.08561
-0.087789
-0.090195
-0.092533
-0.094092
-0.094455
-0.094576
-0.094133
-0.093886
-0.094016
-0.094531
-0.095686
-0.097574
-0.099084
-0.100694
-0.101603
-0.102055
-0.101644
-0.100912
-0.099873
-0.099174
-0.099266
-0.100101
-0.101907
-0.10437
-0.107796
-0.110893
-0.11331
-0.115151
-0.115725
-0.1155
-0.114385
-0.11342
-0.112133
-0.11118
-0.110504
-0.111037
-0.111306
-0.111239
-0.111075
-0.110484
-0.109577
-0.108602
-0.107334
-0.106496
-0.10589
-0.106268
-0.106793
-0.107616
-0.10786
-0.107393
-0.106163
-0.10404
-0.10123
-0.098455
-0.096057
-0.094017
-0.09245
-0.091421
-0.090835
-0.091079
-0.091108
-0.09144
-0.091789
-0.091911
-0.09212
-0.092094
-0.09182
-0.091958
-0.093012
-0.094321
-0.096271
-0.098215
-0.100576
-0.102172
-0.103944
-0.105208
-0.105658
-0.106009
-0.105272
-0.104683
-0.103341
-0.101242
-0.09907
-0.097167
-0.095291
-0.0951
-0.095277
-0.096733
-0.098796
-0.101056
-0.102905
-0.103527
-0.103024
-0.100991
-0.098827
-0.096353
-0.094022
-0.092485
-0.091785
-0.091926
-0.093116
-0.094546
-0.096018
-0.096656
-0.096389
-0.096007
-0.094148
-0.093245
-0.092708
-0.093056
-0.094548
-0.096733
-0.099223
-0.101696
-0.103978
-0.104819
-0.104832
-0.104485
-0.104066
-0.103874
-0.104491
-0.106703
-0.109927
-0.113662
-0.117226
-0.120212
-0.121566
-0.121067
-0.119341
-0.116388
-0.11332
-0.110256
-0.10863
-0.1081
-0.108517
-0.109023
-0.109774
-0.109736
-0.108338
-0.105848
-0.102431
-0.09858
-0.095361
-0.092725
-0.09169
-0.091793
-0.092248
-0.093679
-0.094367
-0.094111
-0.091809
-0.088827
-0.084777
-0.080753
-0.076711
-0.075147
-0.075195
-0.07757
-0.082182
-0.087461
-0.093096
-0.097937
-0.102185
-0.104682
-0.106365
-0.107039
-0.107199
-0.107067
-0.107438
-0.108818
-0.111193
-0.114441
-0.117854
-0.121586
-0.124267
-0.125937
-0.125708
-0.124161
-0.121557
-0.11744
-0.113688
-0.109889
-0.106546
-0.104009
-0.102572
-0.101821
-0.102029
-0.101944
-0.10207
-0.10192
-0.101468
-0.099876
-0.097902
-0.095131
-0.092908
-0.090624
-0.088696
-0.087712
-0.087385
-0.088191
-0.089317
-0.090354
-0.091702
-0.092615
-0.0931
-0.093548
-0.093635
-0.093974
-0.09443
-0.094905
-0.095719
-0.096569
-0.097071
-0.097574
-0.097825
-0.097971
-0.098747
-0.099138
-0.099701
-0.100094
-0.10052
-0.100627
-0.100633
-0.100233
-0.099923
-0.099377
-0.099262
-0.099654
-0.100484
-0.101618
-0.103961
-0.106175
-0.108124
-0.109262
-0.110183
-0.10968
-0.108107
-0.105056
-0.10194
-0.098141
-0.094784
-0.092062
-0.089983
-0.089023
-0.089432
-0.090174
-0.091014
-0.092566
-0.093306
-0.094508
-0.094967
-0.096127
-0.097493
-0.099074
-0.100663
-0.102381
-0.103381
-0.104032
-0.104384
-0.104393
-0.104083
-0.104288
-0.104548
-0.105215
-0.105425
-0.105367
-0.104822
-0.103605
-0.101727
-0.09959
-0.09804
-0.097142
-0.096966
-0.098227
-0.100321
-0.103242
-0.107102
-0.110086
-0.112225
-0.112609
-0.111274
-0.10799
-0.103151
-0.098189
-0.093112
-0.090132
-0.088425
-0.089008
-0.09084
-0.093547
-0.09653
-0.099062
-0.100268
-0.100718
-0.100078
-0.099061
-0.098
-0.097302
-0.097284
-0.097745
-0.098274
-0.099558
-0.101238
-0.102391
-0.104254
-0.106521
-0.108714
-0.111865
-0.114217
-0.115982
-0.116812
-0.115497
-0.112661
-0.108298
-0.103483
-0.098994
-0.096515
-0.096261
-0.098453
-0.102852
-0.10855
-0.114641
-0.119268
-0.121998
-0.121955
-0.119276
-0.114113
-0.107412
-0.10107
-0.095283
-0.090897
-0.088596
-0.08824
-0.089554
-0.091651
-0.093812
-0.094854
-0.0947
-0.092833
-0.089834
-0.086433
-0.082801
-0.080119
-0.077979
-0.077468
-0.078351
-0.08021
-0.082988
-0.086131
-0.089616
-0.092987
-0.095722
-0.097645
-0.099395
-0.100392
-0.100305
-0.099291
-0.097184
-0.094585
-0.092096
-0.090267
-0.089218
-0.089548
-0.091957
-0.09546
-0.100307
-0.104719
-0.108792
-0.112057
-0.113936
-0.114367
-0.114203
-0.113878
-0.113232
-0.113519
-0.114343
-0.115825
-0.117858
-0.119407
-0.120504
-0.12005
-0.118599
-0.116196
-0.113358
-0.110122
-0.107079
-0.104023
-0.101946
-0.100294
-0.09959
-0.098972
-0.098832
-0.098833
-0.098602
-0.098
-0.09746
-0.09763
-0.098159
-0.098817
-0.100083
-0.100921
-0.102124
-0.102398
-0.102297
-0.101441
-0.099741
-0.098542
-0.09677
-0.096084
-0.096091
-0.09629
-0.09737
-0.098941
-0.101003
-0.102797
-0.104218
-0.105237
-0.105306
-0.104923
-0.104161
-0.104324
-0.103879
-0.104068
-0.105614
-0.107175
-0.109314
-0.111434
-0.112467
-0.112783
-0.111748
-0.108856
-0.105812
-0.101692
-0.097834
-0.094682
-0.091436
-0.089635
-0.088373
-0.088052
-0.088208
-0.088848
-0.089129
-0.089941
-0.089925
-0.08963
-0.088785
-0.088443
-0.087226
-0.086513
-0.085882
-0.086252
-0.087178
-0.088834
-0.091105
-0.093378
-0.096018
-0.099163
-0.101709
-0.104661
-0.106695
-0.108677
-0.109846
-0.110665
-0.110218
-0.109137
-0.107742
-0.106003
-0.103725
-0.102448
-0.101806
-0.101032
-0.10174
-0.102046
-0.103557
-0.104194
-0.104721
-0.10523
-0.104597
-0.103535
-0.102258
-0.100525
-0.099123
-0.098517
-0.098224
-0.098568
-0.099946
-0.101277
-0.102725
-0.103201
-0.102653
-0.100803
-0.098717
-0.094897
-0.091242
-0.087374
-0.084741
-0.083081
-0.083246
-0.084779
-0.087318
-0.090471
-0.09383
-0.097389
-0.10054
-0.102562
-0.104138
-0.105506
-0.106153
-0.106501
-0.106576
-0.10672
-0.106992
-0.108203
-0.109272
-0.111504
-0.114279
-0.117027
-0.119174
-0.120404
-0.120747
-0.119933
-0.117928
-0.115385
-0.112668
-0.109775
-0.107294
-0.105913
-0.104895
-0.10511
-0.105412
-0.105822
-0.106003
-0.105807
-0.10492
-0.10334
-0.101333
-0.098969
-0.09665
-0.094448
-0.09234
-0.090601
-0.088881
-0.08616
-0.084102
-0.081206
-0.078538
-0.075914
-0.074106
-0.073056
-0.07216
-0.073169
-0.075156
-0.077682
-0.080588
-0.083709
-0.086047
-0.087918
-0.089218
-0.089827
-0.091312
-0.094096
-0.09821
-0.104122
-0.111171
-0.117763
-0.12428
-0.128322
-0.130134
-0.129492
-0.126825
-0.122934
-0.118388
-0.114258
-0.111103
-0.108864
-0.108042
-0.107844
-0.10785
-0.108045
-0.106954
-0.105876
-0.104023
-0.101782
-0.100162
-0.099266
-0.099753
-0.100756
-0.102859
-0.104896
-0.10603
-0.105435
-0.103939
-0.101139
-0.097264
-0.093695
-0.09068
-0.088144
-0.087373
-0.087087
-0.087973
-0.088718
-0.089354
-0.089683
-0.089604
-0.089957
-0.090305
-0.091479
-0.093133
-0.095587
-0.098917
-0.101665
-0.104817
-0.107171
-0.108534
-0.109457
-0.10911
-0.108633
-0.107916
-0.107114
-0.106095
-0.10565
-0.105439
-0.105226
-0.104938
-0.104286
-0.104616
-0.103958
-0.103992
-0.103743
-0.10389
-0.103593
-0.103589
-0.103237
-0.102545
-0.101203
-0.100149
-0.098956
-0.097756
-0.096553
-0.096349
-0.096187
-0.096767
-0.097455
-0.097947
-0.098719
-0.099447
-0.098584
-0.098257
-0.09694
-0.095566
-0.094159
-0.093147
-0.092551
-0.092744
-0.094105
-0.096506
-0.099228
-0.102838
-0.105823
-0.108216
-0.110033
-0.110533
-0.10984
-0.108426
-0.106261
-0.103569
-0.101478
-0.100507
-0.1006
-0.10253
-0.105448
-0.109193
-0.113217
-0.116198
-0.117843
-0.117616
-0.115761
-0.112704
-0.108306
-0.104519
-0.101014
-0.097886
-0.095494
-0.094405
-0.093309
-0.092854
-0.092264
-0.091446
-0.090777
-0.090207
-0.090513
-0.090096
-0.090859
-0.091745
-0.092874
-0.093932
-0.094555
-0.094235
-0.093803
-0.092854
-0.09192
-0.091189
-0.091756
-0.093133
-0.094986
-0.097697
-0.099819
-0.100762
-0.101447
-0.100672
-0.099239
-0.098035
-0.097478
-0.098081
-0.099623
-0.10295
-0.107177
-0.112245
-0.117231
-0.121029
-0.123081
-0.123828
-0.12188
-0.118555
-0.114415
-0.109865
-0.10623
-0.103179
-0.101009
-0.100165
-0.099735
-0.099408
-0.0988
-0.097769
-0.096674
-0.094953
-0.093571
-0.092221
-0.090068
-0.088534
-0.087073
-0.085682
-0.084848
-0.084781
-0.085375
-0.086762
-0.088648
-0.090795
-0.092813
-0.094609
-0.095772
-0.095496
-0.094038
-0.091286
-0.087833
-0.084315
-0.081356
-0.079906
-0.080708
-0.08394
-0.08936
-0.095991
-0.10318
-0.109634
-0.114499
-0.117093
-0.117147
-0.115716
-0.112943
-0.110102
-0.109085
-0.10948
-0.112128
-0.116143
-0.11997
-0.123552
-0.124805
-0.125182
-0.123451
-0.12109
-0.118044
-0.115303
-0.112956
-0.111027
-0.109504
-0.10802
-0.106162
-0.103805
-0.10095
-0.09834
-0.095946
-0.093937
-0.092668
-0.09257
-0.092701
-0.093267
-0.093503
-0.092704
-0.090928
-0.087564
-0.083682
-0.079325
-0.075895
-0.07339
-0.073749
-0.07615
-0.080327
-0.086113
-0.092089
-0.097841
-0.102281
-0.104904
-0.105837
-0.104895
-0.103866
-0.103333
-0.103084
-0.104612
-0.107459
-0.111155
-0.114279
-0.117467
-0.118736
-0.118703
-0.116539
-0.113159
-0.108665
-0.103776
-0.098337
-0.093326
-0.088884
-0.084715
-0.081766
-0.07994
-0.080125
-0.081122
-0.083463
-0.086974
-0.090395
-0.093325
-0.09617
-0.09789
-0.098607
-0.098976
-0.098805
-0.098948
-0.099192
-0.100146
-0.101748
-0.103321
-0.105827
-0.107939
-0.109679
-0.110806
-0.110448
-0.109648
-0.108425
-0.107286
-0.10656
-0.107233
-0.108623
-0.111108
-0.113036
-0.115096
-0.115915
-0.116121
-0.115516
-0.114366
-0.112866
-0.111542
-0.110785
-0.109539
-0.108533
-0.107413
-0.105821
-0.104599
-0.103362
-0.102622
-0.102047
-0.102278
-0.102436
-0.102979
-0.103274
-0.103196
-0.102617
-0.10115
-0.098406
-0.094905
-0.090689
-0.0864
-0.082238
-0.078271
-0.076198
-0.075168
-0.075702
-0.077485
-0.079664
-0.083173
-0.086069
-0.089483
-0.092304
-0.095106
-0.097162
-0.099237
-0.09998
-0.100904
-0.101421
-0.102216
-0.102678
-0.104339
-0.105975
-0.108254
-0.110861
-0.11351
-0.115549
-0.11669
-0.116908
-0.11513
-0.11279
-0.109722
-0.107186
-0.105107
-0.1038
-0.103914
-0.105866
-0.108392
-0.111943
-0.115319
-0.118137
-0.119415
-0.118893
-0.116144
-0.111761
-0.105875
-0.099218
-0.092917
-0.087523
-0.083438
-0.081562
-0.081122
-0.082528
-0.084855
-0.087394
-0.089675
-0.091425
-0.09236
-0.092175
-0.091851
-0.091302
-0.090079
-0.089048
-0.089015
-0.089505
-0.090775
-0.093057
-0.096214
-0.099348
-0.102452
-0.105184
-0.107379
-0.108341
-0.108801
-0.108371
-0.107781
-0.106483
-0.105919
-0.105441
-0.105776
-0.106229
-0.107293
-0.108426
-0.109492
-0.110325
-0.111718
-0.112684
-0.113744
-0.114512
-0.115681
-0.116177
-0.115927
-0.113868
-0.111025
-0.106749
-0.101984
-0.097224
-0.093245
-0.090026
-0.089259
-0.089601
-0.091582
-0.094283
-0.097271
-0.099794
-0.101316
-0.101693
-0.100349
-0.09784
-0.094337
-0.091478
-0.088985
-0.087865
-0.088424
-0.090682
-0.09355
-0.096174
-0.098013
-0.09811
-0.096684
-0.094189
-0.090901
-0.08756
-0.085617
-0.08523
-0.08597
-0.08888
-0.091739
-0.094769
-0.097609
-0.099629
-0.101009
-0.101835
-0.102367
-0.102688
-0.103846
-0.104835
-0.106469
-0.107273
-0.107925
-0.107051
-0.105655
-0.103396
-0.100469
-0.09821
-0.096594
-0.096068
-0.096542
-0.097734
-0.099318
-0.100982
-0.101687
-0.101078
-0.099731
-0.097168
-0.094184
-0.092219
-0.090984
-0.091417
-0.092664
-0.095283
-0.09833
-0.100731
-0.102382
-0.102702
-0.101497
-0.099622
-0.098149
-0.096715
-0.097576
-0.099931
-0.104148
-0.109181
-0.114776
-0.11984
-0.123384
-0.124857
-0.124679
-0.123146
-0.120561
-0.117942
-0.116094
-0.11415
-0.112944
-0.112154
-0.111425
-0.109778
-0.10788
-0.104752
-0.101783
-0.098244
-0.095621
-0.092981
-0.09128
-0.090071
-0.089361
-0.089374
-0.088681
-0.088221
-0.08753
-0.087039
-0.086096
-0.085029
-0.084829
-0.084217
-0.083541
-0.083108
-0.082774
-0.081787
-0.081959
-0.081613
-0.082136
-0.082792
-0.08413
-0.086326
-0.088948
-0.091919
-0.096022
-0.100115
-0.104676
-0.108439
-0.111917
-0.114225
-0.115161
-0.115445
-0.114667
-0.113513
-0.112793
-0.112041
-0.11174
-0.112224
-0.112661
-0.11312
-0.113182
-0.113082
-0.112534
-0.111305
-0.110571
-0.109301
-0.108797
-0.108308
-0.107826
-0.107208
-0.106756
-0.1061
-0.105265
-0.103884
-0.101335
-0.098222
-0.094997
-0.09122
-0.087782
-0.084935
-0.083493
-0.083395
-0.083894
-0.084879
-0.086256
-0.086809
-0.086958
-0.085894
-0.084907
-0.083435
-0.082604
-0.082752
-0.084323
-0.087694
-0.092126
-0.09768
-0.102973
-0.108288
-0.112207
-0.114196
-0.114956
-0.114377
-0.113592
-0.112351
-0.111925
-0.112305
-0.113834
-0.116048
-0.118408
-0.121137
-0.122844
-0.123709
-0.123019
-0.121617
-0.118308
-0.114482
-0.110419
-0.106498
-0.102915
-0.099902
-0.097026
-0.094713
-0.092705
-0.091432
-0.089859
-0.08907
-0.088928
-0.088846
-0.08881
-0.088546
-0.088001
-0.087657
-0.086875
-0.086618
-0.086216
-0.086537
-0.087534
-0.088993
-0.091701
-0.09428
-0.096928
-0.098952
-0.100903
-0.101264
-0.10122
-0.100922
-0.100238
-0.100103
-0.101201
-0.102548
-0.104517
-0.106768
-0.108961
-0.11076
-0.111025
-0.110753
-0.10965
-0.108024
-0.106612
-0.1057
-0.105251
-0.105309
-0.104916
-0.103962
-0.102183
-0.098894
-0.094272
-0.08881
-0.083752
-0.079338
-0.07671
-0.076603
-0.07841
-0.081246
-0.085618
-0.089662
-0.092342
-0.093702
-0.094222
-0.093376
-0.092326
-0.091731
-0.09221
-0.093531
-0.096686
-0.1011
-0.105897
-0.109933
-0.113496
-0.115333
-0.115631
-0.114783
-0.113192
-0.111153
-0.109638
-0.108015
-0.10713
-0.106419
-0.106077
-0.105258
-0.10571
-0.105742
-0.106595
-0.107964
-0.10948
-0.111116
-0.112665
-0.114021
-0.114083
-0.113367
-0.111446
-0.109231
-0.105288
-0.101817
-0.09829
-0.095254
-0.092829
-0.092155
-0.091182
-0.090978
-0.090375
-0.088912
-0.086835
-0.084022
-0.080443
-0.077113
-0.074346
-0.072341
-0.072205
-0.072947
-0.075077
-0.078269
-0.081553
-0.085178
-0.087973
-0.090033
-0.091782
-0.093265
-0.09477
-0.096008
-0.09752
-0.099334
-0.101142
-0.102598
-0.10335
-0.104078
-0.103921
-0.104398
-0.10539
-0.107051
-0.109773
-0.112919
-0.115746
-0.117789
-0.118602
-0.11785
-0.115805
-0.113298
-0.110785
-0.109061
-0.108532
-0.11012
-0.111951
-0.114412
-0.116406
-0.117154
-0.116547
-0.114104
-0.110644
-0.106372
-0.102192
-0.098495
-0.095806
-0.094229
-0.093371
-0.093205
-0.09331
-0.093508
-0.09284
-0.092435
-0.09107
-0.090303
-0.090012
-0.089967
-0.090454
-0.091464
-0.092757
-0.093925
-0.094238
-0.094754
-0.094599
-0.093949
-0.093888
-0.093954
-0.094158
-0.095383
-0.096445
-0.09772
-0.098732
-0.099177
-0.099015
-0.097963
-0.096248
-0.094484
-0.092972
-0.092234
-0.092728
-0.094298
-0.096644
-0.099847
-0.102935
-0.105444
-0.107179
-0.108748
-0.109389
-0.109276
-0.108706
-0.107698
-0.106496
-0.10478
-0.103438
-0.102562
-0.101373
-0.100669
-0.10007
-0.099731
-0.099024
-0.09815
-0.097228
-0.095854
-0.094469
-0.092733
-0.091097
-0.08963
-0.08832
-0.087456
-0.087759
-0.088932
-0.091534
-0.094849
-0.098389
-0.101975
-0.104939
-0.105941
-0.106258
-0.105418
-0.103875
-0.102454
-0.101153
-0.099838
-0.099393
-0.099977
-0.101262
-0.1029
-0.105215
-0.107948
-0.11029
-0.112494
-0.113311
-0.113034
-0.112196
-0.110071
-0.107628
-0.105748
-0.104956
-0.104632
-0.105808
-0.10719
-0.109358
-0.110523
-0.111307
-0.110353
-0.107812
-0.104094
-0.099132
-0.09275
-0.086572
-0.081185
-0.077282
-0.075727
-0.076371
-0.078893
-0.082741
-0.08786
-0.092904
-0.096726
-0.099931
-0.101764
-0.102733
-0.102805
-0.10277
-0.102749
-0.103195
-0.104675
-0.106983
-0.109523
-0.112049
-0.114239
-0.116276
-0.117491
-0.117297
-0.117571
-0.117524
-0.116928
-0.116193
-0.115091
-0.11324
-0.11002
-0.106435
-0.102181
-0.098171
-0.095259
-0.093033
-0.091606
-0.091284
-0.091328
-0.091192
-0.091155
-0.090089
-0.088529
-0.086609
-0.084498
-0.082137
-0.080625
-0.078937
-0.07835
-0.078293
-0.078562
-0.079585
-0.081426
-0.083288
-0.084755
-0.086282
-0.087033
-0.087833
-0.087868
-0.087311
-0.087043
-0.086232
-0.086009
-0.086265
-0.087343
-0.089471
-0.093459
-0.097438
-0.101705
-0.105674
-0.108831
-0.111034
-0.112017
-0.111943
-0.111513
-0.111229
-0.111332
-0.112446
-0.114371
-0.117387
-0.120532
-0.123751
-0.125835
-0.126694
-0.125964
-0.123246
-0.119457
-0.115209
-0.110194
-0.105403
-0.101725
-0.09942
-0.0978
-0.097694
-0.098197
-0.0984
-0.098533
-0.098283
-0.097243
-0.095758
-0.093358
-0.091
-0.089023
-0.087167
-0.085665
-0.08465
-0.083889
-0.083646
-0.083973
-0.084565
-0.086035
-0.087843
-0.090443
-0.093219
-0.096748
-0.10035
-0.103368
-0.105805
-0.107315
-0.10745
-0.106603
-0.106293
-0.105599
-0.105697
-0.106346
-0.108028
-0.109713
-0.111128
-0.112252
-0.111847
-0.110217
-0.10743
-0.103458
-0.099606
-0.095672
-0.092258
-0.089812
-0.088536
-0.088505
-0.088193
-0.089233
-0.089683
-0.090137
-0.089966
-0.089873
-0.08905
-0.088173
-0.087023
-0.086531
-0.086136
-0.085579
-0.085577
-0.086249
-0.08745
-0.089083
-0.091896
-0.094973
-0.098982
-0.102556
-0.106311
-0.10928
-0.111262
-0.111757
-0.111161
-0.110153
-0.108019
-0.106492
-0.105561
-0.105166
-0.10561
-0.106752
-0.107649
-0.108782
-0.109334
-0.10971
-0.109852
-0.109351
-0.108875
-0.107883
-0.106485
-0.104675
-0.102539
-0.099761
-0.096833
-0.094182
-0.091567
-0.088984
-0.087237
-0.086198
-0.085244
-0.085399
-0.085072
-0.085421
-0.085906
-0.085771
-0.086189
-0.086502
-0.086863
-0.088026
-0.089596
-0.092132
-0.094999
-0.098149
-0.100714
-0.10275
-0.103439
-0.103418
-0.102708
-0.102007
-0.101858
-0.102221
-0.103676
-0.105688
-0.107769
-0.110116
-0.111605
-0.112542
-0.11261
-0.112299
-0.112065
-0.111624
-0.112356
-0.113606
-0.115639
-0.117591
-0.119127
-0.119769
-0.118517
-0.115388
-0.111503
-0.106444
-0.101601
-0.09813
-0.096196
-0.095904
-0.096949
-0.098165
-0.099524
-0.099738
-0.098234
-0.095172
-0.091086
-0.086487
-0.082369
-0.079257
-0.077333
-0.076941
-0.078485
-0.081154
-0.0841
-0.086767
-0.088485
-0.089536
-0.090195
-0.090585
-0.091009
-0.092537
-0.094116
-0.09587
-0.097355
-0.097758
-0.097687
-0.096788
-0.095881
-0.094191
-0.093887
-0.094365
-0.095794
-0.098856
-0.103073
-0.108046
-0.112467
-0.115688
-0.117728
-0.117701
-0.116026
-0.114027
-0.111735
-0.110457
-0.11037
-0.112195
-0.114557
-0.117322
-0.118442
-0.118677
-0.116535
-0.112604
-0.107109
-0.101518
-0.096297
-0.092041
-0.089133
-0.088043
-0.088478
-0.088832
-0.090347
-0.092033
-0.093022
-0.094349
-0.094999
-0.095454
-0.095842
-0.09673
-0.096646
-0.096488
-0.096208
-0.094797
-0.092717
-0.090443
-0.08768
-0.084954
-0.083732
-0.084027
-0.085122
-0.087147
-0.089491
-0.091919
-0.093991
-0.094508
-0.094596
-0.09352
-0.092608
-0.092393
-0.092957
-0.094912
-0.097729
-0.10122
-0.104744
-0.107911
-0.110058
-0.111249
-0.11145
-0.11079
-0.108659
-0.10641
-0.104043
-0.10181
-0.099418
-0.096929
-0.09461
-0.092802
-0.091158
-0.08904
-0.088088
-0.087606
-0.088147
-0.089571
-0.092172
-0.095498
-0.098594
-0.101783
-0.102959
-0.103145
-0.102172
-0.099931
-0.097867
-0.096784
-0.096695
-0.097746
-0.100244
-0.103551
-0.106752
-0.109095
-0.110712
-0.111253
-0.110568
-0.109211
-0.107567
-0.106388
-0.105065
-0.104718
-0.105319
-0.106793
-0.108807
-0.110963
-0.113255
-0.114857
-0.115512
-0.115454
-0.114728
-0.113157
-0.11099
-0.109191
-0.107267
-0.10487
-0.102404
-0.099933
-0.096616
-0.093345
-0.090132
-0.087111
-0.084364
-0.082098
-0.079788
-0.077556
-0.075768
-0.073793
-0.072598
-0.07186
-0.071902
-0.072826
-0.074723
-0.078045
-0.081426
-0.085946
-0.090159
-0.094413
-0.09797
-0.100968
-0.103022
-0.103762
-0.103457
-0.102523
-0.101546
-0.100972
-0.101072
-0.102908
-0.105342
-0.108449
-0.111474
-0.113641
-0.115031
-0.11605
-0.115518
-0.114538
-0.112914
-0.111113
-0.109806
-0.108171
-0.107429
-0.106977
-0.107105
-0.107438
-0.107854
-0.107727
-0.106322
-0.10431
-0.101513
-0.098049
-0.094638
-0.09134
-0.089023
-0.087036
-0.085691
-0.084806
-0.08343
-0.082807
-0.082619
-0.082186
-0.082863
-0.0841
-0.086046
-0.087633
-0.089486
-0.090713
-0.091044
-0.091451
-0.091565
-0.091828
-0.092549
-0.094198
-0.096646
-0.099704
-0.103841
-0.108577
-0.113031
-0.117125
-0.11998
-0.120946
-0.120162
-0.117279
-0.113476
-0.109157
-0.10581
-0.104021
-0.103731
-0.105882
-0.10919
-0.113851
-0.117722
-0.120986
-0.12258
-0.12313
-0.121067
-0.11787
-0.113818
-0.10939
-0.105302
-0.10208
-0.099776
-0.098346
-0.097104
-0.095882
-0.094218
-0.091999
-0.089955
-0.087511
-0.085219
-0.083773
-0.082858
-0.083359
-0.084581
-0.086144
-0.088089
-0.089531
-0.090834
-0.091582
-0.092157
-0.092766
-0.094185
-0.095802
-0.098623
-0.101371
-0.104875
-0.107259
-0.108841
-0.10907
-0.107979
-0.105679
-0.10243
-0.099176
-0.09672
-0.095407
-0.095753
-0.096562
-0.099049
-0.101277
-0.103078
-0.103987
-0.103189
-0.100799
-0.097508
-0.093489
-0.089781
-0.086956
-0.085393
-0.085141
-0.086082
-0.087988
-0.089662
-0.09193
-0.093269
-0.093776
-0.093718
-0.093388
-0.092851
-0.093123
-0.093294
-0.094953
-0.096546
-0.098809
-0.100753
-0.102078
-0.103569
-0.104178
-0.104536
-0.104082
-0.103786
-0.102903
-0.102376
-0.101586
-0.101277
-0.101489
-0.102216
-0.103429
-0.104983
-0.107219
-0.109502
-0.11154
-0.113071
-0.114407
-0.114833
-0.115196
-0.11449
-0.113428
-0.112226
-0.110361
-0.108879
-0.107818
-0.106205
-0.1053
-0.104222
-0.102979
-0.101581
-0.100066
-0.097742
-0.095174
-0.092554
-0.0898
-0.087371
-0.085157
-0.083844
-0.083197
-0.083663
-0.084863
-0.086308
-0.088069
-0.089965
-0.090928
-0.091541
-0.091132
-0.090489
-0.088837
-0.087205
-0.085733
-0.085029
-0.084934
-0.085648
-0.087193
-0.089549
-0.092478
-0.095706
-0.098836
-0.101579
-0.103914
-0.105579
-0.10724
-0.108733
-0.109964
-0.111612
-0.113207
-0.114781
-0.115727
-0.116386
-0.116183
-0.115211
-0.113824
-0.11262
-0.111652
-0.111272
-0.110982
-0.111179
-0.111285
-0.110016
-0.108407
-0.105656
-0.101974
-0.098039
-0.09434
-0.09072
-0.088351
-0.086652
-0.08597
-0.086223
-0.086191
-0.086279
-0.085912
-0.084968
-0.083962
-0.083027
-0.082304
-0.082121
-0.082935
-0.084211
-0.085957
-0.088269
-0.090442
-0.092102
-0.0929
-0.093566
-0.094118
-0.09419
-0.094859
-0.096943
-0.099231
-0.102732
-0.105301
-0.108196
-0.110288
-0.111888
-0.113176
-0.113892
-0.113873
-0.113883
-0.114187
-0.113572
-0.11299
-0.112473
-0.111504
-0.1107
-0.108882
-0.107277
-0.10519
-0.10365
-0.102469
-0.101908
-0.101499
-0.101251
-0.101445
-0.100851
-0.100276
-0.099542
-0.09813
-0.097364
-0.096424
-0.095532
-0.094537
-0.093743
-0.092228
-0.091264
-0.08942
-0.088197
-0.086921
-0.085792
-0.085445
-0.085697
-0.086878
-0.089328
-0.091982
-0.095308
-0.097922
-0.10011
-0.101194
-0.10145
-0.101069
-0.100257
-0.099738
-0.10052
-0.102073
-0.10482
-0.107824
-0.110537
-0.112669
-0.113598
-0.11313
-0.111809
-0.109429
-0.107085
-0.105048
-0.103745
-0.102746
-0.103049
-0.102842
-0.102634
-0.101357
-0.098675
-0.094949
-0.09095
-0.086753
-0.083651
-0.082059
-0.081885
-0.083759
-0.08645
-0.090298
-0.093451
-0.095951
-0.097804
-0.098685
-0.0994
-0.099426
-0.099673
-0.100663
-0.101954
-0.10379
-0.105512
-0.107136
-0.108751
-0.109946
-0.110062
-0.110431
-0.110243
-0.109958
-0.110143
-0.110962
-0.111769
-0.113453
-0.11473
-0.115895
-0.116364
-0.116332
-0.116125
-0.115557
-0.114916
-0.114326
-0.113557
-0.11122
-0.108711
-0.105129
-0.100899
-0.096036
-0.091669
-0.087482
-0.084472
-0.083056
-0.082529
-0.082788
-0.08424
-0.085781
-0.08675
-0.086872
-0.086522
-0.084544
-0.082561
-0.080348
-0.078491
-0.078029
-0.079385
-0.081463
-0.085006
-0.088419
-0.091593
-0.094112
-0.095157
-0.094709
-0.093522
-0.091708
-0.090142
-0.089891
-0.090452
-0.092717
-0.095591
-0.098823
-0.102733
-0.105342
-0.108021
-0.109683
-0.110648
-0.110944
-0.11086
-0.110684
-0.110117
-0.109879
-0.109578
-0.109764
-0.110349
-0.110785
-0.111863
-0.112718
-0.113212
-0.113307
-0.113028
-0.112082
-0.110461
-0.107986
-0.105386
-0.102519
-0.100028
-0.098128
-0.096882
-0.096432
-0.096525
-0.096305
-0.096638
-0.095841
-0.095361
-0.094509
-0.093688
-0.093038
-0.092849
-0.092873
-0.093073
-0.093574
-0.093709
-0.094184
-0.094073
-0.093643
-0.092433
-0.091618
-0.090751
-0.090341
-0.091019
-0.09271
-0.094881
-0.097086
-0.099432
-0.100746
-0.10109
-0.101197
-0.100712
-0.100494
-0.100778
-0.101501
-0.102898
-0.104676
-0.107234
-0.109404
-0.110893
-0.111328
-0.110624
-0.108717
-0.105989
-0.102001
-0.098354
-0.095742
-0.093753
-0.092237
-0.091774
-0.091799
-0.091693
-0.09164
-0.091195
-0.090601
-0.089597
-0.088991
-0.088488
-0.088719
-0.089126
-0.090731
-0.092676
-0.094949
-0.096571
-0.097705
-0.098894
-0.099375
-0.100097
-0.101032
-0.10272
-0.104321
-0.106179
-0.106763
-0.106565
-0.105553
-0.103424
-0.1009
-0.09826
-0.096692
-0.095375
-0.095725
-0.096423
-0.097903
-0.100376
-0.102507
-0.104261
-0.105345
-0.105495
-0.104152
-0.102453
-0.100587
-0.09828
-0.096476
-0.094842
-0.093957
-0.093897
-0.09418
-0.094648
-0.096092
-0.096887
-0.097846
-0.097974
-0.097303
-0.095645
-0.093465
-0.091299
-0.089493
-0.087642
-0.087056
-0.087402
-0.088701
-0.090785
-0.093416
-0.096647
-0.099575
-0.102399
-0.104484
-0.105997
-0.106855
-0.10639
-0.106037
-0.105103
-0.105175
-0.105084
-0.106043
-0.107535
-0.109434
-0.111732
-0.113722
-0.115614
-0.116766
-0.117325
-0.117612
-0.117378
-0.116334
-0.115204
-0.113624
-0.112398
-0.110839
-0.109005
-0.107178
-0.105379
-0.103702
-0.101505
-0.099628
-0.098036
-0.095988
-0.093656
-0.091475
-0.088671
-0.085496
-0.082683
-0.080403
-0.078252
-0.077316
-0.077071
-0.076865
-0.077123
-0.077561
-0.078095
-0.077951
-0.078193
-0.077907
-0.078101
-0.078671
-0.080157
-0.082549
-0.086168
-0.090976
-0.096599
-0.101892
-0.107102
-0.111555
-0.114894
-0.117343
-0.119171
-0.120278
-0.120888
-0.12084
-0.120605
-0.119983
-0.118729
-0.117436
-0.116242
-0.114583
-0.11343
-0.111955
-0.110312
-0.108232
-0.105972
-0.103533
-0.101496
-0.099567
-0.098125
-0.097291
-0.097449
-0.097373
-0.097737
-0.098466
-0.099074
-0.099372
-0.099345
-0.098297
-0.096619
-0.094098
-0.09114
-0.087939
-0.085506
-0.083532
-0.082773
-0.082689
-0.083188
-0.084724
-0.08651
-0.08851
-0.091138
-0.094497
-0.09769
-0.101029
-0.103696
-0.105979
-0.106765
-0.107336
-0.107483
-0.107404
-0.107245
-0.107388
-0.107718
-0.107797
-0.107927
-0.108461
-0.10842
-0.107705
-0.10673
-0.105047
-0.102533
-0.099245
-0.096816
-0.094095
-0.092515
-0.091349
-0.091203
-0.092003
-0.092767
-0.093533
-0.093683
-0.09373
-0.09311
-0.091968
-0.090566
-0.089044
-0.087965
-0.086715
-0.086372
-0.086071
-0.08593
-0.085904
-0.086843
-0.08754
-0.089509
-0.091503
-0.094206
-0.09747
-0.100606
-0.103307
-0.105105
-0.10574
-0.105026
-0.103709
-0.101414
-0.099195
-0.098504
-0.099404
-0.102413
-0.106994
-0.112975
-0.118749
-0.123438
-0.125975
-0.125654
-0.122583
-0.117462
-0.111337
-0.10573
-0.101177
-0.098908
-0.099635
-0.101081
-0.103618
-0.105607
-0.1059
-0.103824
-0.099928
-0.094574
-0.08865
-0.083183
-0.079347
-0.077591
-0.077966
-0.079775
-0.081827
-0.084192
-0.085974
-0.08668
-0.086485
-0.086519
-0.086019
-0.086246
-0.087118
-0.089031
-0.091844
-0.094963
-0.097878
-0.100299
-0.101677
-0.101995
-0.101346
-0.100347
-0.099493
-0.099858
-0.101978
-0.105775
-0.110347
-0.115301
-0.119464
-0.121276
-0.121435
-0.11985
-0.117007
-0.113676
-0.1112
-0.108825
-0.10815
-0.108389
-0.10885
-0.10944
-0.108486
-0.10698
-0.104044
-0.100135
-0.095945
-0.092166
-0.088798
-0.086462
-0.085139
-0.084355
-0.084898
-0.085792
-0.086688
-0.087707
-0.08807
-0.088051
-0.087381
-0.086684
-0.085687
-0.084775
-0.084054
-0.083732
-0.083129
-0.082715
-0.083088
-0.083378
-0.084177
-0.086184
-0.088362
-0.091066
-0.094427
-0.097166
-0.099061
-0.100009
-0.099826
-0.099093
-0.097868
-0.097558
-0.097894
-0.099685
-0.103153
-0.107845
-0.113932
-0.119237
-0.123439
-0.126877
-0.128267
-0.128039
-0.127031
-0.124322
-0.121518
-0.118333
-0.116415
-0.114119
-0.112843
-0.111621
-0.110315
-0.108353
-0.106296
-0.10333
-0.099525
-0.095827
-0.09267
-0.090165
-0.088682
-0.088493
-0.089209
-0.089965
-0.091671
-0.093059
-0.093792
-0.094862
-0.094885
-0.094696
-0.09479
-0.094661
-0.095006
-0.095656
-0.096754
-0.097804
-0.098988
-0.099527
-0.099807
-0.0997
-0.099155
-0.09838
-0.098063
-0.097913
-0.098514
-0.100159
-0.102469
-0.10469
-0.107556
-0.108993
-0.110077
-0.109838
-0.108358
-0.105621
-0.102337
-0.099593
-0.096981
-0.095374
-0.094859
-0.094902
-0.09525
-0.095569
-0.095374
-0.094534
-0.092312
-0.089754
-0.086604
-0.083689
-0.080722
-0.079482
-0.079336
-0.080894
-0.083229
-0.087141
-0.091127
-0.094837
-0.09756
-0.098895
-0.099334
-0.098596
-0.097949
-0.097546
-0.097975
-0.099305
-0.10164
-0.103945
-0.106831
-0.108544
-0.110196
-0.110852
-0.111407
-0.111583
-0.111398
-0.112692
-0.113322
-0.113924
-0.114364
-0.114319
-0.113541
-0.112295
-0.110391
-0.109054
-0.107431
-0.106634
-0.106005
-0.105781
-0.106053
-0.106036
-0.105459
-0.104184
-0.101649
-0.098383
-0.094356
-0.090525
-0.087213
-0.084954
-0.083572
-0.083487
-0.084387
-0.085313
-0.086739
-0.087731
-0.087993
-0.087478
-0.086761
-0.085732
-0.085056
-0.085027
-0.085189
-0.08697
-0.089033
-0.09148
-0.093853
-0.095987
-0.09758
-0.099224
-0.100284
-0.101706
-0.103162
-0.104699
-0.106219
-0.107245
-0.107706
-0.107283
-0.106311
-0.106152
-0.106708
-0.108552
-0.110982
-0.11376
-0.116238
-0.11792
-0.118382
-0.117434
-0.115579
-0.113058
-0.110326
-0.106597
-0.10391
-0.10182
-0.100141
-0.099768
-0.099437
-0.099221
-0.098524
-0.096394
-0.093012
-0.088324
-0.082716
-0.077758
-0.074032
-0.071653
-0.071749
-0.073687
-0.07753
-0.081134
-0.084973
-0.087442
-0.089452
-0.089773
-0.089332
-0.089047
-0.089294
-0.090201
-0.092796
-0.095808
-0.099558
-0.103536
-0.106864
-0.109275
-0.110655
-0.110756
-0.110581
-0.110064
-0.109796
-0.109773
-0.110464
-0.111275
-0.112229
-0.112665
-0.111879
-0.111186
-0.109875
-0.108837
-0.108137
-0.107971
-0.108193
-0.109076
-0.109823
-0.110284
-0.109361
-0.108267
-0.105898
-0.102827
-0.09905
-0.095964
-0.092957
-0.091055
-0.089388
-0.088154
-0.087096
-0.086231
-0.085588
-0.084768
-0.08432
-0.08413
-0.084336
-0.085141
-0.086653
-0.088722
-0.090646
-0.092758
-0.095493
-0.097683
-0.09976
-0.101935
-0.10385
-0.105777
-0.107498
-0.108505
-0.109471
-0.109812
-0.109581
-0.108645
-0.107536
-0.105696
-0.103832
-0.102133
-0.100714
-0.099632
-0.099531
-0.099431
-0.100348
-0.101577
-0.101999
-0.102743
-0.102865
-0.102195
-0.100592
-0.098564
-0.09633
-0.094017
-0.091696
-0.089317
-0.087185
-0.085278
-0.083907
-0.082669
-0.082206
-0.08265
-0.083766
-0.08595
-0.088628
-0.091344
-0.094373
-0.096322
-0.097732
-0.098249
-0.098903
-0.099756
-0.100684
-0.103222
-0.106275
-0.110794
-0.115109
-0.118893
-0.122136
-0.123974
-0.124162
-0.122704
-0.120992
-0.118164
-0.115803
-0.113692
-0.112253
-0.111937
-0.112536
-0.113199
-0.114495
-0.114821
-0.114833
-0.113562
-0.111311
-0.10845
-0.104852
-0.101041
-0.097056
-0.093309
-0.090587
-0.089184
-0.088597
-0.088768
-0.089401
-0.090584
-0.091489
-0.09202
-0.091457
-0.090327
-0.088831
-0.087038
-0.084975
-0.084299
-0.084213
-0.084866
-0.086127
-0.087913
-0.089171
-0.089958
-0.089614
-0.088896
-0.087286
-0.085785
-0.084984
-0.085762
-0.088449
-0.092121
-0.097114
-0.101997
-0.10657
-0.109438
-0.111442
-0.111771
-0.110692
-0.108755
-0.106843
-0.105644
-0.105584
-0.106573
-0.108734
-0.111037
-0.113429
-0.11449
-0.114001
-0.111216
-0.107277
-0.102094
-0.097096
-0.093826
-0.091408
-0.090892
-0.091992
-0.093705
-0.095805
-0.096865
-0.097851
-0.098237
-0.09803
-0.097287
-0.096171
-0.095249
-0.093904
-0.093091
-0.092256
-0.090851
-0.089224
-0.088131
-0.086817
-0.086386
-0.086662
-0.088365
-0.090863
-0.093633
-0.096534
-0.098748
-0.10002
-0.09944
-0.098236
-0.097173
-0.095969
-0.096424
-0.098955
-0.103856
-0.109782
-0.115988
-0.121715
-0.124967
-0.126023
-0.123934
-0.119678
-0.114573
-0.109782
-0.10544
-0.103235
-0.103103
-0.104449
-0.106383
-0.108164
-0.108916
-0.107871
-0.105267
-0.101014
-0.096363
-0.092595
-0.089726
-0.089137
-0.089225
-0.091254
-0.093105
-0.094894
-0.09558
-0.095263
-0.093691
-0.091322
-0.089371
-0.087677
-0.087027
-0.087253
-0.088483
-0.09058
-0.092724
-0.094312
-0.095134
-0.095442
-0.095163
-0.095019
-0.095408
-0.096891
-0.099021
-0.102495
-0.106211
-0.109586
-0.111742
-0.112293
-0.110694
-0.107782
-0.104004
-0.100415
-0.097329
-0.095915
-0.096046
-0.096171
-0.09741
-0.098326
-0.098961
-0.098601
-0.097536
-0.095547
-0.093446
-0.090403
-0.088176
-0.085877
-0.08453
-0.083522
-0.083382
-0.084037
-0.084954
-0.086935
-0.088637
-0.090846
-0.092695
-0.094265
-0.09539
-0.096131
-0.096544
-0.09667
-0.097589
-0.098596
-0.100363
-0.102121
-0.104591
-0.106785
-0.108754
-0.110945
-0.112049
-0.112878
-0.113027
-0.113109
-0.11248
-0.112296
-0.111822
-0.111549
-0.111224
-0.111659
-0.111677
-0.111901
-0.111786
-0.111479
-0.111131
-0.111013
-0.110921
-0.1113
-0.111795
-0.11241
-0.112472
-0.111054
-0.108609
-0.10464
-0.099877
-0.094576
-0.089161
-0.084764
-0.081656
-0.079589
-0.078471
-0.078644
-0.078941
-0.080061
-0.080824
-0.081578
-0.082148
-0.083198
-0.084366
-0.085585
-0.087544
-0.089652
-0.091869
-0.094276
-0.096348
-0.098125
-0.099246
-0.100304
-0.101318
-0.102068
-0.102247
-0.101825
-0.101493
-0.101213
-0.100232
-0.099771
-0.099562
-0.099971
-0.101482
-0.103567
-0.106597
-0.109713
-0.113304
-0.116115
-0.118567
-0.119602
-0.119776
-0.118657
-0.117193
-0.114902
-0.113145
-0.11134
-0.110326
-0.109221
-0.108227
-0.106907
-0.103519
-0.100044
-0.096055
-0.090872
-0.086376
-0.082796
-0.081002
-0.08042
-0.081337
-0.083482
-0.085805
-0.087915
-0.089206
-0.089593
-0.089533
-0.089368
-0.089105
-0.089895
-0.091863
-0.094054
-0.09689
-0.10048
-0.103788
-0.106575
-0.108591
-0.11034
-0.110883
-0.110622
-0.110167
-0.109061
-0.107762
-0.106509
-0.105182
-0.104374
-0.102736
-0.10123
-0.099696
-0.098303
-0.097492
-0.097482
-0.098269
-0.099835
-0.10168
-0.103107
-0.104306
-0.104899
-0.104306
-0.102669
-0.100964
-0.098825
-0.097096
-0.095529
-0.094722
-0.093948
-0.092661
-0.09113
-0.088604
-0.085704
-0.082931
-0.080902
-0.079405
-0.079832
-0.081213
-0.083926
-0.086844
-0.089761
-0.092146
-0.093052
-0.093177
-0.093311
-0.093617
-0.094786
-0.097336
-0.101213
-0.106065
-0.110942
-0.115316
-0.118274
-0.118583
-0.116515
-0.112891
-0.108033
-0.103462
-0.099828
-0.098068
-0.098234
-0.10047
-0.103503
-0.106945
-0.109228
-0.110423
-0.110234
-0.109217
-0.106762
-0.104714
-0.10349
-0.102558
-0.102307
-0.102019
-0.101144
-0.098918
-0.095106
-0.090135
-0.084829
-0.080659
-0.07817
-0.078601
-0.08137
-0.085131
-0.089992
-0.093837
-0.096222
-0.096208
-0.094637
-0.091457
-0.088571
-0.087249
-0.088082
-0.091483
-0.097781
-0.105508
-0.113478
-0.119314
-0.123084
-0.122946
-0.11979
-0.113943
-0.10752
-0.101503
-0.097627
-0.096786
-0.098506
-0.102351
-0.10708
-0.111203
-0.113421
-0.113655
-0.111689
-0.108422
-0.104458
-0.100412
-0.09825
-0.097801
-0.098882
-0.100963
-0.103261
-0.105235
-0.105199
-0.103632
-0.100631
-0.095849
-0.090504
-0.084568
-0.079932
-0.07601
-0.073895
-0.07331
-0.073784
-0.075289
-0.076873
-0.077979
-0.078785
-0.078901
-0.078465
-0.078089
-0.07808
-0.078827
-0.080837
-0.083182
-0.086569
-0.090204
-0.093431
-0.096068
-0.098147
-0.100053
-0.101174
-0.102736
-0.103583
-0.104683
-0.10628
-0.107641
-0.109246
-0.111135
-0.112664
-0.114724
-0.116191
-0.117223
-0.117982
-0.118536
-0.118666
-0.11902
-0.118947
-0.118421
-0.11762
-0.116156
-0.11408
-0.112026
-0.109515
-0.107138
-0.104764
-0.102781
-0.101186
-0.099685
-0.098567
-0.09754
-0.096396
-0.094933
-0.093707
-0.092287
-0.091528
-0.090999
-0.091223
-0.091694
-0.092879
-0.093645
-0.095097
-0.09616
-0.096838
-0.09703
-0.096667
-0.095121
-0.093923
-0.092671
-0.092501
-0.093479
-0.0963
-0.10005
-0.104032
-0.107214
-0.109794
-0.110832
-0.11058
-0.109207
-0.107552
-0.105889
-0.105369
-0.105797
-0.107336
-0.1094
-0.111395
-0.11276
-0.113122
-0.111634
-0.108639
-0.103778
-0.098014
-0.092556
-0.088021
-0.085642
-0.085277
-0.086842
-0.088868
-0.091322
