0.0
-0.002204
-0.009854
-0.020936
-0.033326
-0.045354
-0.055773
-0.063519
-0.06911
-0.072684
-0.074913
-0.076866
-0.079305
-0.08275
-0.08692
-0.091162
-0.095574
-0.098601
-0.100548
-0.100612
-0.099226
-0.096821
-0.094064
-0.091756
-0.091283
-0.09222
-0.095067
-0.099061
-0.102871
-0.105959
-0.107805
-0.107077
-0.104879
-0.101069
-0.096377
-0.091917
-0.087842
-0.084823
-0.082513
-0.081011
-0.079509
-0.078051
-0.076582
-0.074116
-0.071246
-0.068366
-0.065628
-0.063551
-0.062317
-0.061375
-0.061485
-0.062236
-0.063655
-0.065261
-0.067382
-0.069791
-0.072681
-0.07573
-0.078302
-0.080444
-0.082334
-0.083326
-0.084162
-0.084366
-0.084865
-0.08497
-0.08568
-0.0857
-0.085768
-0.085325
-0.08441
-0.082753
-0.081216
-0.079856
-0.078712
-0.078219
-0.07857
-0.079435
-0.08064
-0.081725
-0.082627
-0.082434
-0.081875
-0.080348
-0.078477
-0.076293
-0.074793
-0.073684
-0.073583
-0.074159
-0.075254
-0.076733
-0.077275
-0.077532
-0.077149
-0.075907
-0.074489
-0.07349
-0.07248
-0.07222
-0.072398
-0.073182
-0.073823
-0.074347
-0.074336
-0.073675
-0.07273
-0.071549
-0.070615
-0.069832
-0.070116
-0.071219
-0.073058
-0.075385
-0.077896
-0.080016
-0.081766
-0.082591
-0.082772
-0.082933
-0.082409
-0.081966
-0.081967
-0.081941
-0.08199
-0.082069
-0.081744
-0.080988
-0.079523
-0.077422
-0.074963
-0.072665
-0.070756
-0.069137
-0.068294
-0.067772
-0.067762
-0.067968
-0.068394
-0.06847
-0.069129
-0.069816
-0.070841
-0.072025
-0.073773
-0.075359
-0.077143
-0.078241
-0.078704
-0.078748
-0.078905
-0.078193
-0.077075
-0.076175
-0.075493
-0.075259
-0.075649
-0.07587
-0.076863
-0.077814
-0.079147
-0.080474
-0.082077
-0.083378
-0.084868
-0.086367
-0.088112
-0.089576
-0.091007
-0.091579
-0.09161
-0.091377
-0.090772
-0.08957
-0.088692
-0.087473
-0.086955
-0.086329
-0.086057
-0.085857
-0.085724
-0.08538
-0.084981
-0.084107
-0.083684
-0.082773
-0.08191
-0.08099
-0.080174
-0.078892
-0.077488
-0.076104
-0.074224
-0.072623
-0.071146
-0.070039
-0.06936
-0.068823
-0.068484
-0.068323
-0.0683
-0.067665
-0.067
-0.066305
-0.065565
-0.0655
-0.065242
-0.065688
-0.066592
-0.067965
-0.069501
-0.07149
-0.073473
-0.075301
-0.076728
-0.078093
-0.079013
-0.080268
-0.081179
-0.082091
-0.082984
-0.083601
-0.083906
-0.083944
-0.083653
-0.083015
-0.082553
-0.081851
-0.081988
-0.082734
-0.083688
-0.08502
-0.086486
-0.087644
-0.087811
-0.087897
-0.08689
-0.085481
-0.083666
-0.08192
-0.079904
-0.07828
-0.076632
-0.075031
-0.073363
-0.071965
-0.070222
-0.068497
-0.066811
-0.065481
-0.06449
-0.064281
-0.064408
-0.06504
-0.065967
-0.066808
-0.067857
-0.068766
-0.06962
-0.070317
-0.07095
-0.071867
-0.072721
-0.073639
-0.074568
-0.075235
-0.075524
-0.075725
-0.075415
-0.074986
-0.074533
-0.073825
-0.072986
-0.073242
-0.07323
-0.073609
-0.074017
-0.074645
-0.075107
-0.075351
-0.075446
-0.076069
-0.076939
-0.078003
-0.079639
-0.081275
-0.083055
-0.084619
-0.085439
-0.085662
-0.084933
-0.083886
-0.082205
-0.080978
-0.080039
-0.079143
-0.079525
-0.080153
-0.080982
-0.081945
-0.083046
-0.083492
-0.083407
-0.083434
-0.08305
-0.083086
-0.083223
-0.083746
-0.084666
-0.0859
-0.087186
-0.088443
-0.089358
-0.090192
-0.090283
-0.090186
-0.089737
-0.08905
-0.087683
-0.086407
-0.084961
-0.083129
-0.081308
-0.07959
-0.078254
-0.076889
-0.075955
-0.075579
-0.075447
-0.075619
-0.076094
-0.076436
-0.076778
-0.0768
-0.07674
-0.075997
-0.075293
-0.074368
-0.072963
-0.071556
-0.070308
-0.068989
-0.067861
-0.066895
-0.066679
-0.066417
-0.066566
-0.067054
-0.067917
-0.069047
-0.070111
-0.071165
-0.072527
-0.073637
-0.074513
-0.075104
-0.07517
-0.074939
-0.074775
-0.074115
-0.074196
-0.07398
-0.074611
-0.075015
-0.076034
-0.077625
-0.079134
-0.081057
-0.082938
-0.084407
-0.085848
-0.086762
-0.087094
-0.087006
-0.086387
-0.085598
-0.084906
-0.084502
-0.083848
-0.083427
-0.083106
-0.082512
-0.081795
-0.080947
-0.079668
-0.078494
-0.076975
-0.075559
-0.074329
-0.073498
-0.073002
-0.072777
-0.072752
-0.07279
-0.072828
-0.073107
-0.073628
-0.074053
-0.074558
-0.075552
-0.076652
-0.077994
-0.078868
-0.07934
-0.079116
-0.077997
-0.076325
-0.074228
-0.072258
-0.070237
-0.069291
-0.069234
-0.069619
-0.07078
-0.07244
-0.073714
-0.075359
-0.076733
-0.07759
-0.078497
-0.079901
-0.080977
-0.082379
-0.084294
-0.086169
-0.08809
-0.088991
-0.088985
-0.088662
-0.087238
-0.085342
-0.083234
-0.08143
-0.080437
-0.080041
-0.080486
-0.081038
-0.082105
-0.082727
-0.082545
-0.082548
-0.081802
-0.080789
-0.079982
-0.079154
-0.079121
-0.079499
-0.080385
-0.081738
-0.082812
-0.083202
-0.083411
-0.083016
-0.081967
-0.080708
-0.079499
-0.077983
-0.077074
-0.076075
-0.074872
-0.073864
-0.072899
-0.071961
-0.070603
-0.06992
-0.069205
-0.069367
-0.06949
-0.069987
-0.070903
-0.071261
-0.071679
-0.07155
-0.070987
-0.070094
-0.069012
-0.068094
-0.06706
-0.066928
-0.066989
-0.066933
-0.067325
-0.067344
-0.06771
-0.067714
-0.068095
-0.06866
-0.069963
-0.071405
-0.073255
-0.074872
-0.076244
-0.077447
-0.077949
-0.077841
-0.077298
-0.076556
-0.075951
-0.075943
-0.076696
-0.077782
-0.079336
-0.081386
-0.083265
-0.085261
-0.086554
-0.087994
-0.088545
-0.089196
-0.08959
-0.089262
-0.088792
-0.088121
-0.087396
-0.085858
-0.084051
-0.08204
-0.080327
-0.079068
-0.077756
-0.077374
-0.077163
-0.07746
-0.077393
-0.077147
-0.076413
-0.075341
-0.073712
-0.072213
-0.071034
-0.070274
-0.07007
-0.07051
-0.071088
-0.0718
-0.072229
-0.07186
-0.071011
-0.069625
-0.068332
-0.066945
-0.066098
-0.066128
-0.067134
-0.068167
-0.069412
-0.070523
-0.070826
-0.070666
-0.070018
-0.069338
-0.06861
-0.068314
-0.069171
-0.071052
-0.073609
-0.076941
-0.080241
-0.083414
-0.08573
-0.087408
-0.087898
-0.088067
-0.08807
-0.087962
-0.088141
-0.088949
-0.089793
-0.090088
-0.090421
-0.090325
-0.089998
-0.089117
-0.088111
-0.087002
-0.08596
-0.085608
-0.085078
-0.08506
-0.084688
-0.084661
-0.084296
-0.08366
-0.082462
-0.081191
-0.079697
-0.078131
-0.076665
-0.075633
-0.074994
-0.075057
-0.074842
-0.074732
-0.074742
-0.074331
-0.073765
-0.073093
-0.072148
-0.071319
-0.069772
-0.068473
-0.067553
-0.066386
-0.065488
-0.065225
-0.065202
-0.065322
-0.065902
-0.066644
-0.06782
-0.069031
-0.070934
-0.072459
-0.074481
-0.075945
-0.077178
-0.078633
-0.079586
-0.080577
-0.080816
-0.081133
-0.080745
-0.079988
-0.07902
-0.07815
-0.077609
-0.07737
-0.077857
-0.078802
-0.080425
-0.081823
-0.082772
-0.083604
-0.083499
-0.082701
-0.08149
-0.080701
-0.079512
-0.079669
-0.079767
-0.080682
-0.081791
-0.082585
-0.082683
-0.081469
-0.079097
-0.076475
-0.073705
-0.07107
-0.069551
-0.06956
-0.070052
-0.071671
-0.07407
-0.075866
-0.077099
-0.077595
-0.077342
-0.076732
-0.076344
-0.076538
-0.077886
-0.079487
-0.082111
-0.084767
-0.086718
-0.087886
-0.08779
-0.086244
-0.083639
-0.080774
-0.077683
-0.075374
-0.074355
-0.074378
-0.075147
-0.076257
-0.077866
-0.078658
-0.07936
-0.078953
-0.078139
-0.077094
-0.075702
-0.07429
-0.072986
-0.072193
-0.071278
-0.070906
-0.070666
-0.070179
-0.070025
-0.069878
-0.070344
-0.071166
-0.072051
-0.073284
-0.074734
-0.076205
-0.077342
-0.078919
-0.079692
-0.080573
-0.081499
-0.082527
-0.083502
-0.084725
-0.085821
-0.086295
-0.086922
-0.086478
-0.086056
-0.085749
-0.085127
-0.084586
-0.084179
-0.084217
-0.084034
-0.08378
-0.083406
-0.08275
-0.081593
-0.080663
-0.079636
-0.078098
-0.077416
-0.076774
-0.076263
-0.076275
-0.076133
-0.075753
-0.074922
-0.074126
-0.072948
-0.072035
-0.071434
-0.071139
-0.071581
-0.072281
-0.073383
-0.073659
-0.073668
-0.073354
-0.072904
-0.07196
-0.071534
-0.070985
-0.071184
-0.071749
-0.072347
-0.073038
-0.072958
-0.072538
-0.071736
-0.070004
-0.068515
-0.066905
-0.065966
-0.066091
-0.06714
-0.068862
-0.070921
-0.073339
-0.074986
-0.07631
-0.076386
-0.076461
-0.076093
-0.076209
-0.077156
-0.078228
-0.080315
-0.082895
-0.085454
-0.087944
-0.089365
-0.090138
-0.09006
-0.089275
-0.088311
-0.087253
-0.086341
-0.086011
-0.085882
-0.08575
-0.085851
-0.085729
-0.084818
-0.084002
-0.082853
-0.081625
-0.080388
-0.079705
-0.079342
-0.078602
-0.078411
-0.077549
-0.076274
-0.07477
-0.072788
-0.070329
-0.068435
-0.066665
-0.065611
-0.06547
-0.06598
-0.067204
-0.068533
-0.069631
-0.070801
-0.071339
-0.071967
-0.072186
-0.072867
-0.07359
-0.075001
-0.076634
-0.077875
-0.079463
-0.080695
-0.08113
-0.081223
-0.080883
-0.0807
-0.080059
-0.080238
-0.079991
-0.080275
-0.080642
-0.081271
-0.081746
-0.082364
-0.08298
-0.083579
-0.083964
-0.085042
-0.085646
-0.086499
-0.086486
-0.086584
-0.086293
-0.0856
-0.085142
-0.08436
-0.083926
-0.083475
-0.08301
-0.082175
-0.0818
-0.080521
-0.079288
-0.077154
-0.075144
-0.073104
-0.071049
-0.070071
-0.069186
-0.068863
-0.069846
-0.070877
-0.072112
-0.073332
-0.074237
-0.074561
-0.075175
-0.075399
-0.076223
-0.077285
-0.078248
-0.079571
-0.080634
-0.081654
-0.082146
-0.08227
-0.081818
-0.080944
-0.080063
-0.079165
-0.078436
-0.077756
-0.076964
-0.076459
-0.075209
-0.074161
-0.073199
-0.071928
-0.07077
-0.069688
-0.069024
-0.068989
-0.069323
-0.070309
-0.070997
-0.072512
-0.073469
-0.074178
-0.074633
-0.074969
-0.075127
-0.075089
-0.075436
-0.075856
-0.076156
-0.076693
-0.076463
-0.076046
-0.075147
-0.074309
-0.073455
-0.073134
-0.073327
-0.074441
-0.075752
-0.077535
-0.079585
-0.082019
-0.083928
-0.085872
-0.087529
-0.088675
-0.089712
-0.090626
-0.091425
-0.091666
-0.091304
-0.090732
-0.089415
-0.087672
-0.085628
-0.08343
-0.081516
-0.080208
-0.079081
-0.07883
-0.078876
-0.078623
-0.078523
-0.077792
-0.076506
-0.07472
-0.073111
-0.071233
-0.069521
-0.068836
-0.068766
-0.069417
-0.070303
-0.071743
-0.072679
-0.073014
-0.073445
-0.072953
-0.072586
-0.07247
-0.072778
-0.073704
-0.074527
-0.07528
-0.075734
-0.075831
-0.075113
-0.074479
-0.073227
-0.072475
-0.071998
-0.072006
-0.07272
-0.073895
-0.075423
-0.077239
-0.079195
-0.080442
-0.081905
-0.083084
-0.084209
-0.085196
-0.0859
-0.087096
-0.088046
-0.088775
-0.089422
-0.089735
-0.089385
-0.088791
-0.087871
-0.086977
-0.086017
-0.085184
-0.084112
-0.083058
-0.082014
-0.080627
-0.079041
-0.077185
-0.075562
-0.074289
-0.073203
-0.072762
-0.072952
-0.073536
-0.074508
-0.075477
-0.076336
-0.076452
-0.076585
-0.075695
-0.074653
-0.07332
-0.071725
-0.070105
-0.06805
-0.066164
-0.064361
-0.062501
-0.060552
-0.059438
-0.058626
-0.05879
-0.05976
-0.061551
-0.064119
-0.067036
-0.069845
-0.072395
-0.074119
-0.075222
-0.075772
-0.076215
-0.076325
-0.077095
-0.078002
-0.079403
-0.081026
-0.082154
-0.082844
-0.082994
-0.082152
-0.0812
-0.08008
-0.079051
-0.078536
-0.078703
-0.07979
-0.080797
-0.082215
-0.08351
-0.084004
-0.084188
-0.083812
-0.083168
-0.082594
-0.082364
-0.082856
-0.083606
-0.084843
-0.086196
-0.086783
-0.086454
-0.085786
-0.083522
-0.080878
-0.078074
-0.074928
-0.072499
-0.070841
-0.070091
-0.069983
-0.070894
-0.071825
-0.072856
-0.07352
-0.073847
-0.073928
-0.073967
-0.074256
-0.074504
-0.075153
-0.076382
-0.077347
-0.078571
-0.07956
-0.079476
-0.078937
-0.077818
-0.076542
-0.075245
-0.074019
-0.07339
-0.073152
-0.073603
-0.074672
-0.075947
-0.077265
-0.077969
-0.078635
-0.079084
-0.078849
-0.078189
-0.077285
-0.076112
-0.075179
-0.074764
-0.074404
-0.075121
-0.076096
-0.077321
-0.078264
-0.078924
-0.079235
-0.079064
-0.078562
-0.078258
-0.078221
-0.078595
-0.079268
-0.081021
-0.082902
-0.085415
-0.087741
-0.089383
-0.089944
-0.089196
-0.087453
-0.085005
-0.08217
-0.079294
-0.076959
-0.07513
-0.073866
-0.073228
-0.072823
-0.072303
-0.071368
-0.069798
-0.067739
-0.065948
-0.063922
-0.062698
-0.062336
-0.063159
-0.064466
-0.066799
-0.069473
-0.07196
-0.073845
-0.074993
-0.075217
-0.074707
-0.073603
-0.072571
-0.072002
-0.071709
-0.072744
-0.073869
-0.075691
-0.077042
-0.07892
-0.079816
-0.080368
-0.080163
-0.07967
-0.078847
-0.077881
-0.077001
-0.076662
-0.076695
-0.07697
-0.077752
-0.078015
-0.079006
-0.079415
-0.079746
-0.079918
-0.080295
-0.080499
-0.080545
-0.080525
-0.080754
-0.080905
-0.081325
-0.081674
-0.08243
-0.082963
-0.082667
-0.082579
-0.082194
-0.081533
-0.080896
-0.080041
-0.079896
-0.079562
-0.079728
-0.079991
-0.080293
-0.080099
-0.08042
-0.079846
-0.079087
-0.078674
-0.078143
-0.077973
-0.078056
-0.078547
-0.079245
-0.079937
-0.08101
-0.081525
-0.081536
-0.081502
-0.081176
-0.080865
-0.080734
-0.080139
-0.07974
-0.07933
-0.078392
-0.07721
-0.07552
-0.073473
-0.071366
-0.069752
-0.068565
-0.068344
-0.068783
-0.070077
-0.071863
-0.073768
-0.07522
-0.075946
-0.076164
-0.07566
-0.074719
-0.073261
-0.072335
-0.071298
-0.071366
-0.071657
-0.07248
-0.073468
-0.07373
-0.073945
-0.073254
-0.072403
-0.07062
-0.069346
-0.067904
-0.06768
-0.068357
-0.069515
-0.072003
-0.074802
-0.077927
-0.080957
-0.08337
-0.085567
-0.086585
-0.087634
-0.088241
-0.088748
-0.08914
-0.089228
-0.089527
-0.088958
-0.088663
-0.088015
-0.087049
-0.085791
-0.084167
-0.082232
-0.080343
-0.078546
-0.076958
-0.076027
-0.075692
-0.075724
-0.075885
-0.076168
-0.076291
-0.075944
-0.075121
-0.073813
-0.071879
-0.069576
-0.067539
-0.065162
-0.063825
-0.063357
-0.063588
-0.064397
-0.066099
-0.067937
-0.069295
-0.070181
-0.070776
-0.070978
-0.071091
-0.071111
-0.071908
-0.073071
-0.074041
-0.075413
-0.07684
-0.077602
-0.078352
-0.078683
-0.078581
-0.078624
-0.078601
-0.07887
-0.079243
-0.080289
-0.081574
-0.082749
-0.08392
-0.084254
-0.08416
-0.083572
-0.082543
-0.081817
-0.081096
-0.08076
-0.080837
-0.081114
-0.081467
-0.081298
-0.080542
-0.079067
-0.077463
-0.075879
-0.074322
-0.07401
-0.073905
-0.074762
-0.076187
-0.077925
-0.079622
-0.081208
-0.081814
-0.082718
-0.082504
-0.082046
-0.081288
-0.080332
-0.07952
-0.078862
-0.07785
-0.077055
-0.075954
-0.07481
-0.073083
-0.07109
-0.069621
-0.068102
-0.067039
-0.066955
-0.067598
-0.068972
-0.070414
-0.072001
-0.074065
-0.075607
-0.076803
-0.078262
-0.079356
-0.080106
-0.081122
-0.081645
-0.082139
-0.082462
-0.082334
-0.082635
-0.082885
-0.082696
-0.082661
-0.082261
-0.081607
-0.080776
-0.079814
-0.078126
-0.076792
-0.075757
-0.074687
-0.074388
-0.074545
-0.075223
-0.07639
-0.077497
-0.078519
-0.07953
-0.080022
-0.079846
-0.079266
-0.07847
-0.077771
-0.077323
-0.077426
-0.078146
-0.079305
-0.080206
-0.08085
-0.080499
-0.079612
-0.077046
-0.074361
-0.071838
-0.069753
-0.068483
-0.069027
-0.070296
-0.0721
-0.074181
-0.075041
-0.075159
-0.074291
-0.0727
-0.071171
-0.069534
-0.069019
-0.06975
-0.071886
-0.074952
-0.078127
-0.081122
-0.083092
-0.083244
-0.082417
-0.080449
-0.077619
-0.075537
-0.074253
-0.07462
-0.076
-0.077674
-0.079642
-0.081342
-0.08212
-0.081492
-0.079956
-0.077778
-0.075743
-0.074134
-0.073488
-0.07352
-0.075432
-0.076864
-0.078788
-0.080574
-0.080984
-0.081005
-0.08022
-0.078876
-0.077337
-0.076524
-0.07609
-0.076627
-0.077696
-0.078942
-0.080818
-0.081879
-0.082394
-0.082051
-0.081484
-0.080324
-0.0796
-0.079482
-0.07991
-0.081188
-0.082891
-0.084676
-0.086471
-0.088392
-0.089684
-0.090621
-0.090942
-0.090681
-0.089778
-0.088435
-0.086337
-0.083999
-0.082221
-0.079779
-0.07803
-0.076588
-0.075442
-0.074817
-0.074293
-0.073617
-0.0723
-0.070791
-0.068982
-0.067068
-0.06485
-0.063012
-0.061716
-0.060894
-0.061545
-0.06254
-0.064623
-0.066602
-0.068272
-0.069408
-0.070629
-0.071065
-0.071612
-0.072255
-0.073207
-0.074661
-0.076082
-0.077948
-0.079166
-0.080077
-0.080169
-0.079207
-0.077918
-0.075967
-0.074716
-0.073677
-0.074006
-0.075206
-0.077173
-0.079312
-0.081365
-0.08292
-0.083726
-0.082971
-0.082372
-0.081183
-0.08013
-0.080039
-0.0805
-0.08154
-0.083573
-0.085177
-0.086549
-0.087066
-0.086647
-0.085176
-0.082999
-0.080675
-0.078104
-0.0763
-0.075357
-0.07493
-0.075206
-0.075526
-0.075682
-0.075552
-0.074681
-0.07373
-0.072487
-0.071571
-0.070705
-0.070251
-0.070364
-0.070555
-0.070431
-0.070372
-0.070045
-0.068937
-0.067514
-0.065256
-0.063577
-0.061705
-0.060659
-0.059865
-0.060373
-0.060893
-0.062373
-0.064377
-0.066327
-0.068819
-0.071379
-0.07371
-0.075928
-0.077643
-0.079018
-0.080328
-0.080902
-0.081528
-0.082008
-0.082497
-0.083559
-0.084693
-0.085856
-0.086703
-0.087505
-0.087929
-0.088313
-0.088653
-0.088733
-0.088984
-0.089493
-0.089457
-0.089663
-0.089769
-0.089744
-0.08951
-0.088366
-0.087131
-0.085919
-0.083779
-0.081945
-0.079883
-0.078095
-0.076322
-0.074971
-0.073634
-0.072857
-0.072102
-0.071352
-0.07096
-0.070639
-0.070368
-0.070034
-0.06966
-0.069335
-0.06946
-0.069166
-0.069362
-0.0695
-0.069746
-0.069548
-0.069395
-0.068907
-0.06809
-0.067864
-0.06736
-0.0675
-0.06757
-0.067933
-0.068035
-0.068695
-0.069493
-0.071264
-0.073156
-0.07592
-0.078422
-0.080827
-0.082963
-0.08479
-0.086226
-0.087029
-0.087125
-0.087013
-0.086466
-0.08523
-0.084519
-0.083491
-0.082886
-0.082576
-0.081969
-0.081251
-0.080205
-0.078843
-0.0772
-0.075743
-0.074383
-0.073836
-0.07395
-0.073733
-0.073808
-0.073641
-0.072928
-0.071768
-0.070519
-0.069324
-0.06858
-0.068247
-0.068326
-0.068689
-0.069239
-0.070033
-0.070474
-0.070895
-0.071536
-0.072277
-0.073038
-0.073919
-0.074989
-0.076443
-0.078321
-0.08025
-0.081843
-0.083252
-0.0845
-0.084427
-0.083986
-0.082761
-0.081398
-0.080094
-0.079239
-0.07844
-0.078518
-0.07851
-0.078622
-0.078498
-0.078259
-0.078049
-0.077606
-0.077017
-0.077242
-0.077093
-0.077804
-0.077812
-0.078655
-0.078918
-0.079002
-0.078268
-0.077081
-0.07593
-0.074778
-0.073367
-0.072786
-0.072138
-0.071916
-0.071891
-0.072055
-0.072172
-0.072485
-0.073007
-0.073529
-0.074397
-0.075454
-0.076346
-0.077459
-0.078902
-0.080045
-0.081357
-0.082429
-0.083235
-0.083781
-0.084381
-0.084329
-0.084117
-0.083889
-0.083807
-0.083727
-0.08345
-0.083486
-0.083332
-0.08323
-0.083371
-0.083144
-0.08311
-0.083024
-0.082722
-0.082458
-0.082182
-0.082135
-0.08182
-0.081682
-0.081767
-0.081195
-0.080408
-0.079162
-0.077599
-0.075006
-0.072198
-0.069445
-0.066222
-0.062719
-0.060375
-0.058382
-0.056932
-0.056196
-0.056039
-0.056717
-0.057633
-0.058638
-0.060166
-0.061526
-0.063141
-0.06503
-0.066768
-0.06885
-0.071129
-0.073446
-0.075603
-0.077
-0.078062
-0.078786
-0.078503
-0.078148
-0.077019
-0.076539
-0.075925
-0.076029
-0.076531
-0.077531
-0.078552
-0.079545
-0.080319
-0.080503
-0.080537
-0.080192
-0.079555
-0.078871
-0.078528
-0.078835
-0.079011
-0.080131
-0.081216
-0.08253
-0.083345
-0.084291
-0.08443
-0.08414
-0.08332
-0.081705
-0.079998
-0.077574
-0.075119
-0.073024
-0.071196
-0.069849
-0.069132
-0.069449
-0.070049
-0.070863
-0.071709
-0.072464
-0.072677
-0.072864
-0.072766
-0.072948
-0.072626
-0.07296
-0.073389
-0.074575
-0.076142
-0.077257
-0.078729
-0.080171
-0.08074
-0.080929
-0.080645
-0.080121
-0.079469
-0.078826
-0.07821
-0.077893
-0.077559
-0.077632
-0.076975
-0.076564
-0.075754
-0.07469
-0.073945
-0.073344
-0.073032
-0.073599
-0.074997
-0.076715
-0.078286
-0.079668
-0.080962
-0.082041
-0.08277
-0.082999
-0.083338
-0.083941
-0.084774
-0.085011
-0.084909
-0.084031
-0.082723
-0.080039
-0.077233
-0.074247
-0.071731
-0.069889
-0.069284
-0.069625
-0.070522
-0.072132
-0.073257
-0.074096
-0.074366
-0.074036
-0.072847
-0.071824
-0.070938
-0.070986
-0.072061
-0.07371
-0.075783
-0.078049
-0.080272
-0.081557
-0.081894
-0.081266
-0.079963
-0.078449
-0.076737
-0.075831
-0.075124
-0.074891
-0.074757
-0.075205
-0.075055
-0.074173
-0.072932
-0.071531
-0.06986
-0.068484
-0.067677
-0.067489
-0.06795
-0.069352
-0.070709
-0.072331
-0.073602
-0.074517
-0.074863
-0.075394
-0.075698
-0.07625
-0.076758
-0.077626
-0.07853
-0.079347
-0.0801
-0.080627
-0.08029
-0.079943
-0.079158
-0.078076
-0.077261
-0.076539
-0.075882
-0.075305
-0.074881
-0.074714
-0.074438
-0.074607
-0.074806
-0.07572
-0.076938
-0.078039
-0.07958
-0.081029
-0.081995
-0.08309
-0.08381
-0.084604
-0.08559
-0.086752
-0.087879
-0.088969
-0.089514
-0.089762
-0.089338
-0.088191
-0.086432
-0.083776
-0.081254
-0.078587
-0.07672
-0.075096
-0.07447
-0.074513
-0.074972
-0.075419
-0.075123
-0.074421
-0.072974
-0.071371
-0.069602
-0.06823
-0.067602
-0.067252
-0.067629
-0.068364
-0.069449
-0.069866
-0.070536
-0.070451
-0.069944
-0.069599
-0.069367
-0.069545
-0.071014
-0.072895
-0.07581
-0.078373
-0.080983
-0.082817
-0.083441
-0.083189
-0.082243
-0.0816
-0.081231
-0.081493
-0.082921
-0.084899
-0.086724
-0.088709
-0.089842
-0.09023
-0.089513
-0.087703
-0.085684
-0.083143
-0.0809
-0.078693
-0.077197
-0.075751
-0.074718
-0.074011
-0.073122
-0.072033
-0.07099
-0.069878
-0.069066
-0.068489
-0.068644
-0.068941
-0.069727
-0.070559
-0.071863
-0.072234
-0.072359
-0.071795
-0.07105
-0.070157
-0.069063
-0.068288
-0.068517
-0.06879
-0.069828
-0.070984
-0.072275
-0.073237
-0.073916
-0.074285
-0.074294
-0.073776
-0.073047
-0.07203
-0.07113
-0.070133
-0.069365
-0.068913
-0.069045
-0.069608
-0.070348
-0.071529
-0.072648
-0.073536
-0.074132
-0.07462
-0.074584
-0.074557
-0.074458
-0.074462
-0.074442
-0.074864
-0.075333
-0.075722
-0.076825
-0.077333
-0.07783
-0.078296
-0.078279
-0.078576
-0.078825
-0.079618
-0.08051
-0.082098
-0.084102
-0.085937
-0.087537
-0.088714
-0.089274
-0.089009
-0.088336
-0.086887
-0.085484
-0.084261
-0.083163
-0.082464
-0.0819
-0.081453
-0.080876
-0.080132
-0.078959
-0.077477
-0.075746
-0.074092
-0.072231
-0.071219
-0.070058
-0.069545
-0.069216
-0.069274
-0.069941
-0.070503
-0.071732
-0.073068
-0.07479
-0.076042
-0.077359
-0.078158
-0.07819
-0.077749
-0.076681
-0.075253
-0.074009
-0.072778
-0.07228
-0.072196
-0.072643
-0.072844
-0.072975
-0.072508
-0.071496
-0.069869
-0.068003
-0.066605
-0.065448
-0.065108
-0.06626
-0.068016
-0.070433
-0.073077
-0.075487
-0.076963
-0.077631
-0.077885
-0.077631
-0.077561
-0.077588
-0.078354
-0.07948
-0.081378
-0.083283
-0.084967
-0.086067
-0.086572
-0.086644
-0.0862
-0.084935
-0.083667
-0.081902
-0.080844
-0.079524
-0.078923
-0.078234
-0.077232
-0.076649
-0.07596
-0.07522
-0.07484
-0.074401
-0.073993
-0.073649
-0.073156
-0.072165
-0.071139
-0.069604
-0.068456
-0.067334
-0.066715
-0.066706
-0.06737
-0.068533
-0.070539
-0.071916
-0.073145
-0.074499
-0.074802
-0.074854
-0.074703
-0.07454
-0.074557
-0.075248
-0.076335
-0.077524
-0.078951
-0.080289
-0.08083
-0.080647
-0.080014
-0.078602
-0.076436
-0.074893
-0.073241
-0.072237
-0.072126
-0.072673
-0.073797
-0.074805
-0.076654
-0.07826
-0.079873
-0.081631
-0.083342
-0.085254
-0.086675
-0.088151
-0.08852
-0.088879
-0.088371
-0.087088
-0.084902
-0.082418
-0.079907
-0.077913
-0.076209
-0.075082
-0.074327
-0.073595
-0.073226
-0.07241
-0.071612
-0.07074
-0.070107
-0.069871
-0.070185
-0.070995
-0.072483
-0.074269
-0.075589
-0.077185
-0.077931
-0.078276
-0.078198
-0.077778
-0.077458
-0.076954
-0.076735
-0.076792
-0.077355
-0.077459
-0.077812
-0.077736
-0.07709
-0.075714
-0.07415
-0.072658
-0.071287
-0.070607
-0.069963
-0.070191
-0.070827
-0.070995
-0.071207
-0.071004
-0.070616
-0.070336
-0.070216
-0.070371
-0.071274
-0.072299
-0.073434
-0.074765
-0.075165
-0.07563
-0.075431
-0.075086
-0.074897
-0.074313
-0.074337
-0.07452
-0.075004
-0.075592
-0.076566
-0.077177
-0.077487
-0.077952
-0.077425
-0.076689
-0.075716
-0.074563
-0.073475
-0.072705
-0.072857
-0.073251
-0.07435
-0.075301
-0.076477
-0.077837
-0.079121
-0.07989
-0.080984
-0.081666
-0.08249
-0.082819
-0.083141
-0.082983
-0.082515
-0.081557
-0.080565
-0.078677
-0.076996
-0.074813
-0.072802
-0.070499
-0.068571
-0.067184
-0.066274
-0.065751
-0.066142
-0.066868
-0.068303
-0.069702
-0.07098
-0.072046
-0.072743
-0.072883
-0.07293
-0.072725
-0.072544
-0.072399
-0.073067
-0.073504
-0.073953
-0.074282
-0.074088
-0.073313
-0.072067
-0.070227
-0.068538
-0.066798
-0.06539
-0.065192
-0.065483
-0.066754
-0.069005
-0.071288
-0.073393
-0.075127
-0.076752
-0.078034
-0.079112
-0.080157
-0.081598
-0.083163
-0.085242
-0.087004
-0.087994
-0.088407
-0.088113
-0.086806
-0.085037
-0.083227
-0.081729
-0.080764
-0.081245
-0.082346
-0.084255
-0.086346
-0.087998
-0.089079
-0.089101
-0.088417
-0.087075
-0.085146
-0.08315
-0.081375
-0.079548
-0.078052
-0.076043
-0.074013
-0.071589
-0.068695
-0.065338
-0.062146
-0.059282
-0.056505
-0.055044
-0.054974
-0.056536
-0.058685
-0.061886
-0.065293
-0.068534
-0.07142
-0.073699
-0.075268
-0.076579
-0.077383
-0.078001
-0.078511
-0.078541
-0.078393
-0.078155
-0.077747
-0.07706
-0.076375
-0.076463
-0.076468
-0.076667
-0.077084
-0.07754
-0.078446
-0.078982
-0.079468
-0.080204
-0.080969
-0.082079
-0.082965
-0.083862
-0.084403
-0.08469
-0.084222
-0.08309
-0.08154
-0.079686
-0.077552
-0.075702
-0.074431
-0.073527
-0.073464
-0.073585
-0.073836
-0.073692
-0.073306
-0.072297
-0.071189
-0.069999
-0.069014
-0.069149
-0.069611
-0.071355
-0.073217
-0.075136
-0.076801
-0.07752
-0.077567
-0.076318
-0.074741
-0.072414
-0.070628
-0.069164
-0.068892
-0.070042
-0.071398
-0.073271
-0.07483
-0.076059
-0.076689
-0.076914
-0.076655
-0.076799
-0.077077
-0.078242
-0.079932
-0.081854
-0.083961
-0.08525
-0.086413
-0.086499
-0.086
-0.084801
-0.083267
-0.081768
-0.080128
-0.079272
-0.078069
-0.077385
-0.076358
-0.075346
-0.074111
-0.072751
-0.071954
-0.070696
-0.070399
-0.070149
-0.070091
-0.070613
-0.070618
-0.070867
-0.070849
-0.070539
-0.070664
-0.070638
-0.071334
-0.072024
-0.073155
-0.073933
-0.075191
-0.076015
-0.07665
-0.077471
-0.078659
-0.079992
-0.081902
-0.083605
-0.085672
-0.087334
-0.088536
-0.089015
-0.089159
-0.088978
-0.088688
-0.087894
-0.087253
-0.086416
-0.085543
-0.084284
-0.08273
-0.080718
-0.078409
-0.076177
-0.074165
-0.072208
-0.070593
-0.069641
-0.06925
-0.069028
-0.0692
-0.069185
-0.069339
-0.069299
-0.068942
-0.068125
-0.067328
-0.066777
-0.06646
-0.066761
-0.067389
-0.068555
-0.069787
-0.070714
-0.070833
-0.070617
-0.069306
-0.06769
-0.066088
-0.064847
-0.064935
-0.065731
-0.067661
-0.070906
-0.074323
-0.077212
-0.079866
-0.081729
-0.082633
-0.082859
-0.082936
-0.083445
-0.084502
-0.085742
-0.08695
-0.088458
-0.089162
-0.089506
-0.088626
-0.087227
-0.085555
-0.084077
-0.082498
-0.081817
-0.082113
-0.082634
-0.083412
-0.084152
-0.084211
-0.083495
-0.081746
-0.079288
-0.076152
-0.073018
-0.06965
-0.066694
-0.064425
-0.063135
-0.062373
-0.062296
-0.062814
-0.063557
-0.064049
-0.064419
-0.064262
-0.063801
-0.063252
-0.062882
-0.062987
-0.063806
-0.064771
-0.066434
-0.068184
-0.069952
-0.071274
-0.0725
-0.073398
-0.073733
-0.073898
-0.073823
-0.074171
-0.074438
-0.075232
-0.076791
-0.078852
-0.080906
-0.082773
-0.084753
-0.086105
-0.086999
-0.087746
-0.088224
-0.088457
-0.089283
-0.090054
-0.091136
-0.092051
-0.092904
-0.093151
-0.092406
-0.09113
-0.08929
-0.086972
-0.084359
-0.081952
-0.07996
-0.078513
-0.077456
-0.076799
-0.076053
-0.075392
-0.073941
-0.072547
-0.070818
-0.069595
-0.06866
-0.068344
-0.069185
-0.070476
-0.072031
-0.073869
-0.074887
-0.074816
-0.074196
-0.073167
-0.071748
-0.070692
-0.069933
-0.069948
-0.070966
-0.071876
-0.07339
-0.074411
-0.074114
-0.073325
-0.071948
-0.069989
-0.068203
-0.066607
-0.066362
-0.067169
-0.069108
-0.071103
-0.07371
-0.075606
-0.076828
-0.07702
-0.076852
-0.075714
-0.074927
-0.073911
-0.074398
-0.075551
-0.076719
-0.078656
-0.080456
-0.081875
-0.082782
-0.082796
-0.082473
-0.082155
-0.081084
-0.080061
-0.079288
-0.078798
-0.07841
-0.078295
-0.078048
-0.07797
-0.077794
-0.077522
-0.076876
-0.075966
-0.074749
-0.073456
-0.071983
-0.070585
-0.069785
-0.069178
-0.06908
-0.069993
-0.07098
-0.072535
-0.074577
-0.076479
-0.078335
-0.079475
-0.080116
-0.079884
-0.079592
-0.078723
-0.078556
-0.078526
-0.078961
-0.079947
-0.081156
-0.081662
-0.081016
-0.07951
-0.077573
-0.07553
-0.073318
-0.071574
-0.070871
-0.070838
-0.071811
-0.073432
-0.074974
-0.076285
-0.076743
-0.076925
-0.076263
-0.075269
-0.074259
-0.073714
-0.073386
-0.074317
-0.075453
-0.076698
-0.077742
-0.077627
-0.077469
-0.076091
-0.074499
-0.072659
-0.0713
-0.070645
-0.070441
-0.07097
-0.071868
-0.072953
-0.074216
-0.07533
-0.076612
-0.078202
-0.080179
-0.081984
-0.084619
-0.087209
-0.089542
-0.090979
-0.091655
-0.091033
-0.089119
-0.086429
-0.083456
-0.081133
-0.078642
-0.077413
-0.076422
-0.076077
-0.076003
-0.076083
-0.075395
-0.074827
-0.074077
-0.072464
-0.071914
-0.071523
-0.071594
-0.071702
-0.072733
-0.073343
-0.073576
-0.073353
-0.072136
-0.071177
-0.069696
-0.068605
-0.067721
-0.067478
-0.067116
-0.067204
-0.067104
-0.066575
-0.065884
-0.065121
-0.064286
-0.06414
-0.064726
-0.065792
-0.067754
-0.070729
-0.073085
-0.075305
-0.077019
-0.078042
-0.078344
-0.07839
-0.077945
-0.077594
-0.07769
-0.078067
-0.078598
-0.07939
-0.079864
-0.08029
-0.080233
-0.079477
-0.078757
-0.077758
-0.077479
-0.077398
-0.077858
-0.078619
-0.079466
-0.080313
-0.080346
-0.079569
-0.078639
-0.077282
-0.07638
-0.075392
-0.075054
-0.0751
-0.075423
-0.075769
-0.076389
-0.077035
-0.077142
-0.0769
-0.076685
-0.076511
-0.075716
-0.07518
-0.07516
-0.074945
-0.07491
-0.074592
-0.074316
-0.073311
-0.072499
-0.071943
-0.071626
-0.071497
-0.072216
-0.072992
-0.073585
-0.073611
-0.073608
-0.072696
-0.072068
-0.07157
-0.071877
-0.07314
-0.074652
-0.076953
-0.078929
-0.080815
-0.081082
-0.080781
-0.079564
-0.077765
-0.076121
-0.074459
-0.073827
-0.073908
-0.074569
-0.075298
-0.075923
-0.075562
-0.074337
-0.071796
-0.068841
-0.066349
-0.06441
-0.064327
-0.065906
-0.069447
-0.074463
-0.079776
-0.084634
-0.088532
-0.090811
-0.091494
-0.090292
-0.087974
-0.085943
-0.084488
-0.083439
-0.083485
-0.083377
-0.083972
-0.083924
-0.082908
-0.08093
-0.078155
-0.074649
-0.07196
-0.069501
-0.068239
-0.068502
-0.069073
-0.069976
-0.070859
-0.071107
-0.070756
-0.069812
-0.068658
-0.068321
-0.068203
-0.069005
-0.070337
-0.071644
-0.072505
-0.072631
-0.072263
-0.070755
-0.068917
-0.067073
-0.065718
-0.065326
-0.065605
-0.066928
-0.068608
-0.070439
-0.072331
-0.073514
-0.074142
-0.074267
-0.074189
-0.074319
-0.074409
-0.075091
-0.076416
-0.077966
-0.079148
-0.080218
-0.080425
-0.080177
-0.079247
-0.078329
-0.077822
-0.077264
-0.0776
-0.077843
-0.078678
-0.079523
-0.080356
-0.080519
-0.080305
-0.080017
-0.079162
-0.078381
-0.077772
-0.077314
-0.077007
-0.077008
-0.076806
-0.076474
-0.07641
-0.07555
-0.074682
-0.073727
-0.073202
-0.072955
-0.07346
-0.073858
-0.075214
-0.076293
-0.077356
-0.078158
-0.078891
-0.079149
-0.079369
-0.079455
-0.079373
-0.079175
-0.07854
-0.077778
-0.076593
-0.075231
-0.073784
-0.072582
-0.071887
-0.071726
-0.072277
-0.073237
-0.074894
-0.075697
-0.076522
-0.076609
-0.076393
-0.076065
-0.076055
-0.076341
-0.077726
-0.078829
-0.080682
-0.082012
-0.082814
-0.082732
-0.081555
-0.079387
-0.076881
-0.074423
-0.072585
-0.07171
-0.072403
-0.07381
-0.076208
-0.078406
-0.080692
-0.081483
-0.081623
-0.080944
-0.07976
-0.078335
-0.076869
-0.076303
-0.076035
-0.076038
-0.075364
-0.075181
-0.07452
-0.073379
-0.072444
-0.071756
-0.07103
-0.07136
-0.072247
-0.073534
-0.075343
-0.076838
-0.077852
-0.078536
-0.07857
-0.078028
-0.077605
-0.077179
-0.077109
-0.07758
-0.078013
-0.078379
-0.078187
-0.07731
-0.076411
-0.074548
-0.072397
-0.070727
-0.06923
-0.068514
-0.067705
-0.067438
-0.067138
-0.067316
-0.067121
-0.06737
-0.06742
-0.067571
-0.068107
-0.068548
-0.069648
-0.07076
-0.071898
-0.073343
-0.074329
-0.075077
-0.07542
-0.075331
-0.074722
-0.073899
-0.073588
-0.073606
-0.074101
-0.074385
-0.07498
-0.075131
-0.075293
-0.074814
-0.074421
-0.073572
-0.073747
-0.073863
-0.075004
-0.076884
-0.079281
-0.081868
-0.084321
-0.086177
-0.087323
-0.0876
-0.087215
-0.086648
-0.085364
-0.084694
-0.08413
-0.083887
-0.083901
-0.083284
-0.082457
-0.08174
-0.080545
-0.079674
-0.078667
-0.078372
-0.078298
-0.078359
-0.078828
-0.078869
-0.078305
-0.077707
-0.076634
-0.07522
-0.073987
-0.072197
-0.070783
-0.069609
-0.068779
-0.06791
-0.06739
-0.066308
-0.065393
-0.065044
-0.064414
-0.064671
-0.064841
-0.065852
-0.066844
-0.068152
-0.069275
-0.070173
-0.070858
-0.071214
-0.071507
-0.071478
-0.07178
-0.07204
-0.07261
-0.073624
-0.074219
-0.07498
-0.075348
-0.075612
-0.075829
-0.075332
-0.075523
-0.075571
-0.076552
-0.07754
-0.07954
-0.081586
-0.083598
-0.085973
-0.088101
-0.089596
-0.090207
-0.090294
-0.089793
-0.088453
-0.087333
-0.085885
-0.084732
-0.084113
-0.083047
-0.08229
-0.080861
-0.079335
-0.076921
-0.074211
-0.071265
-0.068349
-0.066266
-0.064366
-0.063363
-0.062636
-0.062004
-0.061741
-0.061844
-0.061745
-0.062305
-0.063194
-0.064267
-0.065687
-0.066825
-0.067826
-0.069126
-0.070251
-0.071623
-0.072831
-0.07411
-0.075527
-0.07662
-0.077737
-0.07794
-0.078119
-0.077544
-0.076866
-0.075981
-0.075336
-0.074728
-0.074594
-0.074817
-0.075683
-0.077148
-0.07861
-0.080779
-0.082355
-0.083598
-0.084587
-0.084517
-0.084399
-0.084089
-0.083814
-0.084116
-0.084009
-0.084102
-0.084489
-0.084581
-0.084889
-0.084521
-0.084269
-0.083707
-0.082865
-0.081743
-0.07986
-0.07784
-0.075217
-0.072896
-0.070902
-0.069396
-0.068092
-0.067766
-0.067892
-0.067992
-0.068074
-0.06829
-0.068429
-0.068718
-0.06933
-0.070785
-0.072695
-0.075378
-0.078605
-0.081883
-0.084852
-0.086948
-0.087795
-0.087258
-0.085344
-0.082482
-0.079106
-0.075972
-0.073851
-0.072637
-0.072494
-0.072731
-0.073059
-0.073443
-0.072878
-0.071736
-0.069804
-0.067585
-0.065445
-0.064314
-0.063998
-0.065004
-0.06766
-0.070893
-0.074311
-0.077226
-0.0799
-0.080765
-0.080912
-0.080109
-0.079324
-0.078866
-0.078728
-0.079541
-0.080629
-0.08169
-0.082587
-0.082509
-0.081294
-0.079627
-0.077271
-0.075072
-0.07325
-0.071813
-0.071136
-0.071184
-0.071619
-0.071833
-0.071892
-0.072003
-0.071245
-0.070843
-0.071042
-0.071905
-0.073289
-0.07518
-0.077604
-0.079772
-0.081774
-0.082546
-0.082738
-0.082006
-0.080461
-0.078735
-0.077564
-0.077
-0.076746
-0.076923
-0.077185
-0.077142
-0.077318
-0.076251
-0.075599
-0.074439
-0.073702
-0.073568
-0.07401
-0.074441
-0.075261
-0.075917
-0.075603
-0.074638
-0.072757
-0.07077
-0.068709
-0.066717
-0.065463
-0.064724
-0.064813
-0.065177
-0.065735
-0.065799
-0.065547
-0.065211
-0.065022
-0.064642
-0.064844
-0.066446
-0.068678
-0.071738
-0.074531
-0.077213
-0.078971
-0.079968
-0.080204
-0.079735
-0.079432
-0.079042
-0.0795
-0.080525
-0.08217
-0.083781
-0.085192
-0.085961
-0.085313
-0.084281
-0.082611
-0.080787
-0.079184
-0.077839
-0.076999
-0.077033
-0.077084
-0.077049
-0.076838
-0.076196
-0.075206
-0.074368
-0.073526
-0.073264
-0.073313
-0.073782
-0.074767
-0.075562
-0.076148
-0.076317
-0.075934
-0.075503
-0.074656
-0.073982
-0.07345
-0.073105
-0.07267
-0.072407
-0.071374
-0.070426
-0.068963
-0.067127
-0.065877
-0.065097
-0.065327
-0.066149
-0.067956
-0.070169
-0.072604
-0.074922
-0.076016
-0.076766
-0.076284
-0.075627
-0.075098
-0.075217
-0.076257
-0.078259
-0.080569
-0.082739
-0.084021
-0.084283
-0.082826
-0.080189
-0.07704
-0.074092
-0.071731
-0.070547
-0.070194
-0.070917
-0.072607
-0.074388
-0.075729
-0.076895
-0.077425
-0.0772
-0.07686
-0.076415
-0.075682
-0.075435
-0.075236
-0.075069
-0.07483
-0.074231
-0.073305
-0.072239
-0.07149
-0.070816
-0.070439
-0.070566
-0.071163
-0.071835
-0.072434
-0.072669
-0.072723
-0.0725
-0.071722
-0.071601
-0.071129
-0.071735
-0.072844
-0.074411
-0.075988
-0.077489
-0.078101
-0.078214
-0.077428
-0.076163
-0.074765
-0.073784
-0.073072
-0.073595
-0.074161
-0.075302
-0.075605
-0.075378
-0.074228
-0.072664
-0.070965
-0.069491
-0.069362
-0.069961
-0.071933
-0.07491
-0.077647
-0.079727
-0.080786
-0.080528
-0.07843
-0.07626
-0.073281
-0.07146
-0.070785
-0.071075
-0.072982
-0.075299
-0.07783
-0.079996
-0.081
-0.080837
-0.079612
-0.07749
-0.075405
-0.074246
-0.073946
-0.075018
-0.077561
-0.080518
-0.083399
-0.085714
-0.087193
-0.087482
-0.086893
-0.086098
-0.085302
-0.084724
-0.084172
-0.084235
-0.08474
-0.085231
-0.085299
-0.084758
-0.08336
-0.081536
-0.078793
-0.07603
-0.073379
-0.071112
-0.070368
-0.069432
-0.0697
-0.070897
-0.072092
-0.073474
-0.07459
-0.075167
-0.075886
-0.075531
-0.075393
-0.074886
-0.073723
-0.072266
-0.070752
-0.069325
-0.067967
-0.06701
-0.066216
-0.065042
-0.064087
-0.062822
-0.061666
-0.060649
-0.060864
-0.061663
-0.063434
-0.066492
-0.070117
-0.073802
-0.077285
-0.080507
-0.082316
-0.083207
-0.082929
-0.081586
-0.080198
-0.078854
-0.078334
-0.078775
-0.07998
-0.08191
-0.083617
-0.085255
-0.085324
-0.08471
-0.08289
-0.080487
-0.078352
-0.076426
-0.075593
-0.075669
-0.076923
-0.078597
-0.08052
-0.081237
-0.081052
-0.079285
-0.076414
-0.072806
-0.069848
-0.067606
-0.066498
-0.066846
-0.068094
-0.069923
-0.071873
-0.073219
-0.073635
-0.073563
-0.072898
-0.072417
-0.072399
-0.072421
-0.073434
-0.075154
-0.076478
-0.077406
-0.077555
-0.076903
-0.075178
-0.073753
-0.071615
-0.069847
-0.0683
-0.067938
-0.067746
-0.068397
-0.06961
-0.070351
-0.071254
-0.071821
-0.072151
-0.072467
-0.073049
-0.07392
-0.074837
-0.075879
-0.076724
-0.077751
-0.078565
-0.078949
-0.079172
-0.07955
-0.080208
-0.080635
-0.081619
-0.082416
-0.082842
-0.083032
-0.082714
-0.081868
-0.080964
-0.080204
-0.079625
-0.079805
-0.08042
-0.081658
-0.082567
-0.083251
-0.083205
-0.08203
-0.080333
-0.078427
-0.076708
-0.07537
-0.074541
-0.074751
-0.075325
-0.076234
-0.076266
-0.075999
-0.074908
-0.073105
-0.07107
-0.068766
-0.066987
-0.066191
-0.06629
-0.067455
-0.069256
-0.07153
-0.07349
-0.075059
-0.076197
-0.076205
-0.07576
-0.074782
-0.073824
-0.073661
-0.073875
-0.074287
-0.074843
-0.075193
-0.074723
-0.073513
-0.071734
-0.069375
-0.067867
-0.066542
-0.066014
-0.066689
-0.067932
-0.070244
-0.072616
-0.075017
-0.077128
-0.078384
-0.079356
-0.079647
-0.079171
-0.078702
-0.077824
-0.077204
-0.076537
-0.07662
-0.076657
-0.077212
-0.077418
-0.077822
-0.077698
-0.077837
-0.077427
-0.077471
-0.077978
-0.078328
-0.078893
-0.079441
-0.080334
-0.081105
-0.081982
-0.08192
-0.081803
-0.081224
-0.079964
-0.078402
-0.076669
-0.075286
-0.07371
-0.072397
-0.071305
-0.070731
-0.069986
-0.06977
-0.069881
-0.070295
-0.070885
-0.07131
-0.071561
-0.072107
-0.072206
-0.072208
-0.07233
-0.072439
-0.072797
-0.073675
-0.074363
-0.075214
-0.076503
-0.077565
-0.078977
-0.080355
-0.081705
-0.082918
-0.083783
-0.084804
-0.084931
-0.084861
-0.084489
-0.083953
-0.082829
-0.08183
-0.081115
-0.080501
-0.080012
-0.079962
-0.079973
-0.079756
-0.079735
-0.079265
-0.078768
-0.078458
-0.077999
-0.078065
-0.078123
-0.078936
-0.0792
-0.079257
-0.079024
-0.078418
-0.077497
-0.076383
-0.075514
-0.074454
-0.074568
-0.074555
-0.075051
-0.075109
-0.07574
-0.075277
-0.074545
-0.073637
-0.072352
-0.071114
-0.070667
-0.070544
-0.071466
-0.073345
-0.075231
-0.077029
-0.078493
-0.079855
-0.079889
-0.079102
-0.07767
-0.075881
-0.07453
-0.07358
-0.073003
-0.073526
-0.074307
-0.075221
-0.075799
-0.0761
-0.074948
-0.073551
-0.071124
-0.068542
-0.066202
-0.064656
-0.06334
-0.063016
-0.063912
-0.065175
-0.066945
-0.068938
-0.070926
-0.072713
-0.07482
-0.076333
-0.077198
-0.077894
-0.077994
-0.077137
-0.07635
-0.074463
-0.073031
-0.071049
-0.069701
-0.06896
-0.068308
-0.068476
-0.068517
-0.069216
-0.069889
-0.070356
-0.071543
-0.07206
-0.073258
-0.074908
-0.077049
-0.079235
-0.081947
-0.084271
-0.086601
-0.087995
-0.088842
-0.089223
-0.08902
-0.08839
-0.087858
-0.08712
-0.086338
-0.085403
-0.084559
-0.083316
-0.081516
-0.079874
-0.077501
-0.075031
-0.072549
-0.070158
-0.06869
-0.067263
-0.066875
-0.067008
-0.068
-0.069104
-0.070524
-0.071396
-0.072681
-0.073449
-0.074295
-0.07428
-0.074181
-0.074364
-0.074579
-0.075023
-0.075612
-0.075816
-0.075986
-0.075931
-0.07527
-0.074178
-0.073194
-0.071942
-0.07076
-0.069849
-0.068915
-0.067788
-0.067032
-0.065781
-0.065202
-0.065052
-0.065045
-0.066607
-0.068538
-0.070961
-0.074084
-0.077304
-0.079657
-0.081407
-0.082482
-0.08309
-0.082935
-0.082598
-0.082056
-0.081474
-0.081377
-0.081441
-0.081183
-0.081501
-0.081684
-0.081882
-0.08134
-0.081156
-0.08034
-0.079557
-0.078141
-0.077093
-0.075656
-0.074589
-0.073708
-0.072867
-0.072003
-0.071024
-0.070173
-0.069398
-0.068254
-0.067772
-0.06729
-0.067403
-0.067164
-0.067143
-0.067369
-0.067321
-0.067227
-0.067913
-0.0687
-0.069327
-0.070317
-0.071087
-0.071971
-0.072129
-0.072502
-0.072138
-0.071723
-0.071752
-0.071668
-0.0719
-0.07202
-0.072297
-0.072594
-0.072645
-0.072538
-0.072552
-0.072506
-0.073342
-0.074242
-0.075714
-0.077135
-0.078758
-0.080107
-0.081446
-0.081825
-0.082479
-0.082251
-0.081931
-0.081685
-0.081592
-0.081907
-0.082062
-0.082357
-0.08294
-0.083392
-0.083337
-0.083379
-0.082701
-0.081648
-0.080109
-0.078324
-0.076541
-0.075306
-0.074184
-0.073461
-0.072992
-0.072197
-0.071554
-0.070599
-0.070043
-0.069249
-0.06857
-0.067969
-0.068131
-0.069084
-0.070196
-0.07236
-0.074068
-0.076039
-0.077393
-0.07857
-0.078773
-0.078974
-0.078981
-0.078599
-0.078627
-0.079079
-0.079637
-0.080045
-0.081273
-0.081747
-0.082065
-0.081624
-0.08005
-0.078394
-0.076397
-0.073963
-0.07194
-0.070847
-0.070269
-0.070409
-0.070901
-0.071431
-0.072521
-0.072628
-0.072728
-0.072756
-0.072338
-0.071886
-0.071667
-0.071311
-0.071068
-0.072058
-0.072822
-0.073832
-0.074535
-0.074926
-0.074708
-0.074199
-0.073789
-0.072973
-0.072908
-0.073187
-0.074268
-0.075422
-0.076504
-0.077474
-0.077929
-0.078269
-0.07857
-0.078779
-0.078848
-0.079413
-0.080413
-0.081114
-0.082267
-0.083018
-0.084067
-0.084232
-0.084487
-0.08393
-0.08303
-0.081434
-0.079065
-0.076443
-0.073461
-0.070713
-0.067903
-0.065518
-0.064232
-0.063629
-0.063864
-0.064442
-0.066024
-0.067719
-0.069351
-0.070734
-0.07139
-0.0715
-0.07136
-0.070837
-0.070164
-0.069368
-0.068919
-0.068437
-0.068241
-0.068356
-0.068272
-0.068168
-0.068106
-0.067955
-0.067514
-0.066669
-0.065673
-0.065096
-0.06494
-0.065309
-0.066723
-0.068657
-0.071138
-0.074111
-0.077651
-0.080867
-0.083522
-0.085782
-0.087679
-0.089034
-0.08984
-0.090622
-0.091153
-0.091674
-0.092085
-0.09199
-0.091033
-0.089567
-0.086987
-0.084622
-0.082207
-0.080118
-0.079164
-0.07866
-0.078357
-0.078504
-0.078401
-0.078191
-0.077231
-0.075967
-0.074553
-0.072975
-0.072064
-0.071726
-0.071792
-0.072185
-0.072828
-0.073562
-0.073705
-0.073044
-0.072223
-0.071012
-0.06957
-0.068152
-0.066701
-0.065364
-0.064341
-0.06385
-0.06341
-0.063398
-0.063358
-0.063148
-0.063601
-0.063806
-0.064998
-0.066321
-0.068735
-0.071134
-0.073438
-0.07592
-0.078048
-0.07951
-0.080037
-0.080057
-0.080154
-0.079391
-0.078832
-0.078113
-0.077506
-0.077241
-0.077199
-0.077152
-0.077073
-0.077015
-0.076995
-0.077141
-0.076526
-0.07639
-0.076502
-0.077555
-0.078892
-0.080053
-0.081132
-0.081703
-0.082347
-0.082644
-0.082233
-0.082012
-0.08095
-0.080157
-0.078661
-0.077434
-0.076131
-0.07512
-0.074176
-0.073716
-0.073158
-0.072806
-0.072121
-0.071121
-0.070029
-0.068799
-0.067662
-0.06681
-0.066041
-0.065919
-0.06596
-0.066435
-0.066745
-0.068005
-0.06874
-0.069565
-0.069911
-0.070115
-0.069517
-0.069271
-0.069018
-0.069587
-0.071207
-0.073524
-0.076158
-0.078617
-0.08072
-0.082266
-0.082775
-0.082811
-0.082441
-0.081829
-0.081315
-0.080884
-0.080499
-0.080828
-0.081352
-0.081957
-0.082462
-0.083045
-0.082834
-0.082807
-0.08183
-0.081283
-0.080172
-0.079423
-0.078759
-0.077806
-0.077554
-0.076979
-0.076613
-0.075931
-0.075541
-0.075057
-0.074324
-0.074055
-0.07413
-0.074286
-0.074283
-0.074263
-0.074342
-0.074206
-0.074478
-0.074626
-0.074234
-0.074504
-0.07458
-0.076302
-0.078032
-0.079915
-0.082213
-0.0834
-0.083904
-0.082595
-0.080812
-0.078114
-0.075922
-0.074361
-0.073785
-0.074172
-0.075336
-0.076863
-0.077699
-0.077963
-0.076599
-0.074409
-0.071923
-0.069047
-0.066652
-0.06526
-0.064824
-0.065377
-0.066784
-0.068558
-0.070314
-0.071576
-0.071963
-0.071589
-0.071084
-0.070176
-0.069779
-0.069887
-0.070783
-0.071909
-0.0734
-0.075432
-0.077101
-0.078023
-0.078338
-0.077899
-0.076817
-0.075547
-0.074202
-0.073578
-0.073479
-0.074279
-0.075987
-0.077908
-0.079652
-0.081285
-0.081876
-0.082377
-0.081853
-0.081663
-0.080969
-0.080417
-0.080265
-0.080193
-0.080291
-0.080261
-0.080144
-0.079644
-0.078934
-0.077479
-0.076364
-0.075736
-0.075415
-0.07546
-0.07604
-0.076521
-0.077717
-0.078349
-0.078197
-0.077876
-0.077556
-0.076334
-0.075134
-0.07408
-0.07282
-0.071849
-0.07062
-0.070207
-0.069924
-0.069883
-0.070039
-0.070566
-0.071002
-0.070703
-0.070758
-0.070414
-0.069421
-0.068575
-0.067571
-0.067213
-0.067342
-0.067831
-0.069397
-0.071214
-0.07239
-0.073641
-0.074257
-0.074398
-0.074257
-0.074166
-0.073807
-0.074455
-0.075444
-0.077223
-0.079229
-0.081445
-0.083204
-0.084067
-0.084082
-0.08303
-0.080756
-0.078296
-0.076014
-0.074458
-0.0733
-0.073061
-0.073646
-0.074323
-0.07479
-0.074986
-0.074664
-0.073876
-0.073122
-0.072562
-0.072424
-0.073368
-0.075649
-0.077953
-0.080825
-0.083346
-0.084813
-0.085629
-0.084932
-0.084155
-0.082488
-0.0808
-0.079813
-0.07876
-0.078489
-0.078372
-0.077721
-0.076945
-0.07527
-0.073466
-0.071078
-0.068459
-0.065765
-0.063962
-0.063045
-0.063086
-0.063419
-0.064792
-0.066244
-0.067681
-0.068804
-0.070288
-0.071108
-0.072035
-0.072913
-0.073615
-0.074443
-0.075151
-0.076264
-0.076826
-0.077069
-0.076521
-0.075235
-0.073412
-0.071158
-0.068646
-0.067426
-0.06633
-0.066033
-0.067001
-0.068058
-0.069582
-0.071012
-0.07187
-0.072263
-0.073113
-0.074343
-0.075626
-0.077792
-0.080054
-0.08289
-0.08543
-0.087202
-0.088199
-0.088341
-0.087613
-0.085686
-0.082942
-0.08052
-0.077585
-0.075401
-0.073462
-0.072695
-0.072687
-0.072239
-0.072947
-0.072766
-0.073115
-0.073046
-0.072764
-0.072832
-0.073001
-0.073087
-0.072954
-0.072865
-0.072941
-0.072041
-0.071557
-0.070391
-0.069217
-0.068057
-0.067058
-0.066359
-0.065925
-0.066514
-0.067692
-0.068638
-0.070092
-0.071211
-0.072161
-0.072105
-0.071885
-0.071528
-0.070758
-0.069906
-0.069636
-0.070477
-0.07155
-0.072975
-0.074607
-0.076437
-0.077492
-0.077566
-0.076958
-0.075772
-0.074322
-0.072681
-0.071233
-0.070676
-0.070766
-0.071471
-0.073028
-0.074984
-0.077214
-0.079117
-0.081491
-0.083092
-0.084438
-0.085238
-0.085628
-0.085549
-0.085392
-0.084858
-0.084033
-0.083172
-0.082581
-0.081661
-0.080248
-0.079029
-0.077624
-0.076032
-0.074555
-0.072893
-0.071749
-0.070632
-0.069518
-0.068886
-0.068088
-0.068109
-0.067912
-0.068219
-0.068807
-0.069794
-0.07075
-0.071381
-0.072234
-0.07274
-0.072996
-0.073385
-0.073519
-0.073595
-0.073496
-0.073706
-0.073322
-0.07293
-0.07229
-0.072075
-0.071723
-0.071983
-0.071625
-0.071862
-0.0721
-0.072276
-0.073538
-0.073998
-0.074438
-0.075048
-0.075256
-0.075341
-0.075216
-0.075013
-0.075088
-0.074907
-0.075255
-0.075516
-0.076256
-0.076247
-0.076732
-0.07705
-0.077035
-0.076967
-0.077131
-0.076712
-0.076588
-0.076153
-0.075461
-0.074481
-0.07296
-0.071327
-0.069715
-0.067896
-0.066813
-0.066178
-0.066111
-0.066808
-0.067583
-0.068587
-0.070464
-0.071479
-0.072912
-0.074519
-0.07615
-0.077967
-0.079942
-0.081171
-0.082532
-0.08257
-0.081849
-0.080329
-0.078417
-0.076106
-0.073888
-0.072115
-0.070882
-0.070208
-0.069966
-0.069937
-0.069458
-0.069547
-0.069365
-0.069146
-0.068981
-0.069352
-0.070144
-0.071145
-0.072947
-0.074494
-0.075752
-0.076828
-0.077266
-0.077135
-0.075938
-0.074302
-0.073048
-0.071469
-0.070229
-0.07011
-0.069934
-0.069915
-0.069927
-0.06992
-0.069828
-0.069443
-0.070107
-0.070992
-0.07249
-0.075065
-0.077451
-0.080627
-0.083327
-0.085567
-0.086739
-0.087229
-0.086754
-0.085636
-0.084088
-0.082414
-0.080787
-0.079565
-0.078588
-0.077714
-0.077036
-0.075896
-0.075299
-0.073937
-0.07274
-0.072118
-0.071703
-0.071756
-0.07242
-0.073096
-0.074242
-0.074762
-0.074916
-0.074928
-0.074651
-0.074342
-0.074051
-0.074197
-0.074768
-0.076142
-0.076971
-0.077682
-0.077508
-0.075874
-0.073313
-0.069384
-0.065215
-0.061541
-0.058471
-0.056926
-0.056454
-0.057343
-0.058992
-0.061091
-0.06301
-0.064345
-0.065401
-0.065821
-0.066009
-0.066867
-0.068389
-0.070432
-0.073812
-0.077282
-0.080254
-0.082397
-0.082673
-0.082063
-0.080221
-0.07761
-0.07521
-0.073554
-0.072751
-0.072843
-0.074003
-0.075301
-0.076343
-0.077123
-0.07713
-0.077021
-0.076008
-0.075133
-0.07453
-0.074346
-0.074539
-0.075379
-0.076319
-0.077296
-0.077927
-0.078907
-0.078716
-0.07819
-0.077468
-0.076097
-0.074931
-0.07428
-0.073691
-0.073715
-0.074144
-0.074845
-0.074877
-0.075598
-0.075833
-0.075754
-0.075209
-0.074034
-0.073249
-0.071663
-0.070435
-0.068891
-0.067792
-0.066756
-0.066418
-0.066577
-0.067282
-0.06891
-0.070653
-0.072608
-0.074461
-0.075744
-0.076757
-0.076881
-0.076853
-0.076719
-0.076894
-0.077288
-0.07839
-0.080039
-0.081212
-0.081801
-0.081961
-0.081141
-0.079402
-0.07754
-0.075493
-0.074235
-0.073632
-0.073497
-0.073928
-0.074516
-0.075103
-0.075417
-0.07548
-0.075058
-0.074949
-0.074976
-0.075339
-0.076256
-0.077736
-0.080182
-0.081873
-0.083231
-0.083627
-0.082675
-0.080675
-0.078258
-0.075494
-0.073071
-0.071202
-0.070235
-0.070248
-0.07065
-0.071749
-0.072697
-0.073297
-0.073984
-0.073951
-0.073711
-0.073631
-0.073905
-0.074378
-0.075448
-0.076228
-0.077958
-0.079324
-0.080085
-0.079451
-0.078185
-0.07626
-0.073815
-0.070805
-0.068626
-0.066727
-0.066039
-0.065609
-0.065916
-0.066013
-0.066688
-0.066772
-0.066984
-0.067619
-0.068411
-0.070006
-0.071956
-0.074103
-0.076366
-0.078307
-0.079887
-0.080691
-0.080395
-0.079312
-0.077606
-0.075871
-0.074601
-0.073391
-0.072715
-0.073118
-0.073348
-0.073519
-0.073259
-0.07271
-0.071443
-0.070114
-0.068616
-0.068099
-0.068289
-0.069427
-0.071849
-0.074425
-0.077639
-0.080066
-0.081949
-0.08303
-0.083263
-0.082667
-0.081388
-0.079755
-0.078092
-0.07649
-0.075617
-0.075236
-0.07533
-0.075492
-0.0764
-0.076673
-0.07647
-0.076244
-0.075422
-0.074954
-0.074651
-0.074862
-0.07472
-0.075256
-0.075876
-0.075902
-0.076219
-0.076411
-0.076239
-0.076152
-0.07572
-0.075274
-0.074224
-0.073423
-0.07229
-0.071485
-0.070995
-0.07092
-0.071065
-0.071323
-0.071113
-0.070681
-0.069909
-0.069132
-0.068422
-0.068333
-0.068952
-0.069858
-0.071461
-0.074008
-0.076307
-0.07836
-0.080025
-0.080886
-0.080346
-0.079709
-0.078412
-0.076986
-0.075779
-0.07487
-0.075138
-0.075577
-0.076016
-0.076598
-0.076685
-0.07629
-0.075337
-0.07383
-0.072611
-0.071363
-0.071032
-0.071414
-0.072144
-0.073755
-0.075346
-0.077425
-0.079082
-0.080186
-0.081007
-0.080897
-0.079787
-0.078444
-0.077345
-0.075572
-0.07458
-0.07367
-0.072787
-0.072957
-0.072919
-0.073209
-0.072614
-0.071987
-0.071218
-0.070339
-0.069519
-0.069408
-0.069835
-0.070352
-0.071282
-0.071822
-0.071652
-0.0709
-0.069735
-0.067397
-0.065455
-0.063257
-0.06206
-0.061285
-0.062036
-0.063495
-0.066006
-0.068621
-0.071138
-0.07303
-0.074025
-0.074328
-0.074149
-0.073635
-0.072724
-0.072046
-0.071654
-0.071717
-0.071853
-0.072718
-0.073906
-0.075494
-0.077406
-0.079112
-0.080433
-0.081296
-0.081897
-0.081629
-0.081577
-0.081051
-0.080905
-0.080977
-0.081045
-0.080954
-0.080916
