0.0
-0.002811
-0.01152
-0.024447
-0.039168
-0.053539
-0.06577
-0.075559
-0.082312
-0.086951
-0.090329
-0.093799
-0.097732
-0.103013
-0.109061
-0.115655
-0.121379
-0.125541
-0.127445
-0.127055
-0.124468
-0.120904
-0.117424
-0.115084
-0.11371
-0.113202
-0.113762
-0.114027
-0.1135
-0.111864
-0.109034
-0.10515
-0.100786
-0.096164
-0.092085
-0.088834
-0.086449
-0.084967
-0.083649
-0.083
-0.081844
-0.080462
-0.078842
-0.077072
-0.075842
-0.075599
-0.076903
-0.079627
-0.08365
-0.088372
-0.092581
-0.096096
-0.098006
-0.099195
-0.09884
-0.097881
-0.096784
-0.095763
-0.094845
-0.09476
-0.09534
-0.095891
-0.096529
-0.097689
-0.098493
-0.099516
-0.100393
-0.100562
-0.101255
-0.100817
-0.099697
-0.097631
-0.094541
-0.09042
-0.086155
-0.081693
-0.078274
-0.07672
-0.076265
-0.077346
-0.079891
-0.08213
-0.084107
-0.085113
-0.084997
-0.083885
-0.082348
-0.08145
-0.081451
-0.082708
-0.084847
-0.088632
-0.092296
-0.095652
-0.09776
-0.09859
-0.098057
-0.096002
-0.093943
-0.091652
-0.09031
-0.089692
-0.090074
-0.091006
-0.092056
-0.092271
-0.092164
-0.090966
-0.089362
-0.087198
-0.085601
-0.084367
-0.083868
-0.084326
-0.085134
-0.086365
-0.087342
-0.087954
-0.0878
-0.087819
-0.087614
-0.088355
-0.089809
-0.092217
-0.09521
-0.098428
-0.101185
-0.102992
-0.103067
-0.101433
-0.098175
-0.094065
-0.089414
-0.085503
-0.082603
-0.08101
-0.080173
-0.080375
-0.080459
-0.0814
-0.081566
-0.081727
-0.082004
-0.082411
-0.082783
-0.083686
-0.085271
-0.087407
-0.089024
-0.091378
-0.092798
-0.093722
-0.094075
-0.094077
-0.093973
-0.093884
-0.094316
-0.094471
-0.095482
-0.096544
-0.097336
-0.098601
-0.099473
-0.100248
-0.10146
-0.10289
-0.104302
-0.105142
-0.106102
-0.105838
-0.104568
-0.102522
-0.099143
-0.095948
-0.092454
-0.089343
-0.08661
-0.085079
-0.084177
-0.08408
-0.084225
-0.08454
-0.084829
-0.084591
-0.084398
-0.084178
-0.084449
-0.084966
-0.086388
-0.088306
-0.08993
-0.091185
-0.091483
-0.090892
-0.089186
-0.086597
-0.08429
-0.082719
-0.08196
-0.082704
-0.084207
-0.08631
-0.08851
-0.090157
-0.090654
-0.09034
-0.088786
-0.086672
-0.084589
-0.08332
-0.082971
-0.083835
-0.085673
-0.088062
-0.090415
-0.091999
-0.092463
-0.091668
-0.090218
-0.088389
-0.086614
-0.086333
-0.087321
-0.0898
-0.093589
-0.097533
-0.101527
-0.104272
-0.106023
-0.106548
-0.105762
-0.105225
-0.10411
-0.103355
-0.103201
-0.102837
-0.102659
-0.101917
-0.100714
-0.099217
-0.097211
-0.094951
-0.092893
-0.090747
-0.088691
-0.086766
-0.085347
-0.083136
-0.080701
-0.077653
-0.07504
-0.072501
-0.070353
-0.069157
-0.06952
-0.071249
-0.073807
-0.076968
-0.080034
-0.083054
-0.085127
-0.086513
-0.087682
-0.088459
-0.088965
-0.089996
-0.09079
-0.092431
-0.093532
-0.094754
-0.095837
-0.096386
-0.096746
-0.096238
-0.095636
-0.094576
-0.094003
-0.093504
-0.093137
-0.092819
-0.092237
-0.091859
-0.091083
-0.089959
-0.088826
-0.087802
-0.086168
-0.085081
-0.084078
-0.082786
-0.081667
-0.079859
-0.077822
-0.075883
-0.074519
-0.073309
-0.073664
-0.075479
-0.078698
-0.082682
-0.087367
-0.091697
-0.095557
-0.098383
-0.100638
-0.101667
-0.102314
-0.102425
-0.102819
-0.1036
-0.104472
-0.105673
-0.10682
-0.107801
-0.10757
-0.10693
-0.104978
-0.102413
-0.099574
-0.096507
-0.094206
-0.092795
-0.092105
-0.091925
-0.091902
-0.090913
-0.089454
-0.087331
-0.08493
-0.082508
-0.080965
-0.080105
-0.080356
-0.081599
-0.083009
-0.084703
-0.085787
-0.08593
-0.08623
-0.085739
-0.085476
-0.085649
-0.086359
-0.088154
-0.090225
-0.092864
-0.09449
-0.095737
-0.095467
-0.094454
-0.091976
-0.089257
-0.086801
-0.085036
-0.084097
-0.084564
-0.086134
-0.088466
-0.09036
-0.092191
-0.093159
-0.093215
-0.093114
-0.092772
-0.092615
-0.093038
-0.094196
-0.096094
-0.098467
-0.100573
-0.103287
-0.10512
-0.106319
-0.106631
-0.106092
-0.104843
-0.102613
-0.100542
-0.097842
-0.095129
-0.092394
-0.090034
-0.08756
-0.085169
-0.083285
-0.08176
-0.080621
-0.079956
-0.078974
-0.078393
-0.077278
-0.07639
-0.07492
-0.073961
-0.072965
-0.073258
-0.074223
-0.076283
-0.078913
-0.081625
-0.084801
-0.086448
-0.087038
-0.086966
-0.085728
-0.083777
-0.082098
-0.081558
-0.081452
-0.083062
-0.085411
-0.088399
-0.091353
-0.094028
-0.09639
-0.098031
-0.099452
-0.100651
-0.101619
-0.10286
-0.104534
-0.105991
-0.107328
-0.10858
-0.108882
-0.108143
-0.106377
-0.10373
-0.100736
-0.097758
-0.095467
-0.093553
-0.092477
-0.091956
-0.092095
-0.091637
-0.090734
-0.089012
-0.086575
-0.083698
-0.081396
-0.079401
-0.078992
-0.079502
-0.081082
-0.083829
-0.08659
-0.089047
-0.090921
-0.091944
-0.091828
-0.091709
-0.091058
-0.091189
-0.091571
-0.092335
-0.093166
-0.094351
-0.094523
-0.094767
-0.094332
-0.093004
-0.091112
-0.089242
-0.08733
-0.085535
-0.084017
-0.083062
-0.082236
-0.081634
-0.081406
-0.080901
-0.080929
-0.08115
-0.082598
-0.084502
-0.087263
-0.090262
-0.093888
-0.096718
-0.099017
-0.099922
-0.100375
-0.099477
-0.097879
-0.096642
-0.095507
-0.094898
-0.094753
-0.095173
-0.095456
-0.095719
-0.095507
-0.09457
-0.093241
-0.091253
-0.089307
-0.087606
-0.085729
-0.084429
-0.083395
-0.082641
-0.082147
-0.081915
-0.08231
-0.082521
-0.083451
-0.084451
-0.085734
-0.087096
-0.08807
-0.088334
-0.088665
-0.088164
-0.087406
-0.086932
-0.086646
-0.087613
-0.088996
-0.091855
-0.094904
-0.098129
-0.10081
-0.102743
-0.103168
-0.102001
-0.100054
-0.097526
-0.095036
-0.092984
-0.091919
-0.092001
-0.092563
-0.093853
-0.095011
-0.095647
-0.095019
-0.093381
-0.090329
-0.086605
-0.082566
-0.078817
-0.075923
-0.073935
-0.072916
-0.072035
-0.071601
-0.070911
-0.070229
-0.069317
-0.068788
-0.068543
-0.06931
-0.070897
-0.073312
-0.07627
-0.079568
-0.082234
-0.084604
-0.086215
-0.087319
-0.0885
-0.089986
-0.091528
-0.094035
-0.097125
-0.100035
-0.102723
-0.104471
-0.105657
-0.105731
-0.105097
-0.103797
-0.102935
-0.101702
-0.101349
-0.101177
-0.101793
-0.102048
-0.101794
-0.101024
-0.09904
-0.095707
-0.092375
-0.088501
-0.08518
-0.082535
-0.080993
-0.080761
-0.081134
-0.082204
-0.083396
-0.084615
-0.085753
-0.086179
-0.086406
-0.086483
-0.086683
-0.086608
-0.08689
-0.086913
-0.086895
-0.087302
-0.087059
-0.087668
-0.087961
-0.089067
-0.090573
-0.092436
-0.094716
-0.097266
-0.099936
-0.102094
-0.104179
-0.105755
-0.10663
-0.10725
-0.107498
-0.107487
-0.108059
-0.107838
-0.107783
-0.107398
-0.106035
-0.103771
-0.100825
-0.097308
-0.093704
-0.090677
-0.088139
-0.086965
-0.08655
-0.086484
-0.086478
-0.086182
-0.085095
-0.082913
-0.080164
-0.07666
-0.07381
-0.071435
-0.069763
-0.06912
-0.068976
-0.069152
-0.069419
-0.069095
-0.068467
-0.068246
-0.068075
-0.068912
-0.071059
-0.074779
-0.079163
-0.083782
-0.088603
-0.093297
-0.09641
-0.098217
-0.09855
-0.098093
-0.097258
-0.096079
-0.095672
-0.095779
-0.096909
-0.098411
-0.099717
-0.100605
-0.100467
-0.09994
-0.098558
-0.096911
-0.095544
-0.09466
-0.094324
-0.094993
-0.095591
-0.09566
-0.095403
-0.094242
-0.092165
-0.089462
-0.086143
-0.083006
-0.080295
-0.078804
-0.077863
-0.077686
-0.078409
-0.079799
-0.081544
-0.083723
-0.086015
-0.088537
-0.091016
-0.093949
-0.096707
-0.099767
-0.102631
-0.105507
-0.107477
-0.108987
-0.109706
-0.109626
-0.108835
-0.107556
-0.105876
-0.104484
-0.103612
-0.102518
-0.101964
-0.101628
-0.100827
-0.100177
-0.099199
-0.097704
-0.096093
-0.094093
-0.091805
-0.08924
-0.086364
-0.083416
-0.080103
-0.07723
-0.074294
-0.072279
-0.070611
-0.070117
-0.070727
-0.071816
-0.073064
-0.074721
-0.076093
-0.077127
-0.077503
-0.078134
-0.078778
-0.080186
-0.082239
-0.085138
-0.089106
-0.092866
-0.096539
-0.099038
-0.099913
-0.100188
-0.099109
-0.097674
-0.095892
-0.094613
-0.093979
-0.09492
-0.096416
-0.098474
-0.100608
-0.1019
-0.102156
-0.101462
-0.099333
-0.096318
-0.092824
-0.089222
-0.085912
-0.08351
-0.082404
-0.082223
-0.082336
-0.083391
-0.084483
-0.085482
-0.086536
-0.087414
-0.087992
-0.088609
-0.089206
-0.089511
-0.089554
-0.089901
-0.089896
-0.089132
-0.088586
-0.087976
-0.087772
-0.088117
-0.088643
-0.089555
-0.090196
-0.090488
-0.090447
-0.090075
-0.089464
-0.088831
-0.088548
-0.088684
-0.088897
-0.088933
-0.088389
-0.087877
-0.086223
-0.08426
-0.082019
-0.079904
-0.078105
-0.076924
-0.077079
-0.078257
-0.080765
-0.084376
-0.087575
-0.091228
-0.094109
-0.096439
-0.09812
-0.099387
-0.100344
-0.101511
-0.102669
-0.103658
-0.104454
-0.104436
-0.103619
-0.102419
-0.100558
-0.098383
-0.096546
-0.094129
-0.092787
-0.091479
-0.090656
-0.090355
-0.089804
-0.089337
-0.088215
-0.086956
-0.085332
-0.083072
-0.081138
-0.079456
-0.078147
-0.076468
-0.07513
-0.073834
-0.072517
-0.071024
-0.069765
-0.068674
-0.069089
-0.070001
-0.072363
-0.07605
-0.080003
-0.08434
-0.088401
-0.091762
-0.094138
-0.095379
-0.095997
-0.096177
-0.09618
-0.096768
-0.097684
-0.098919
-0.09999
-0.100839
-0.101094
-0.100256
-0.099257
-0.097823
-0.096764
-0.09646
-0.097069
-0.098524
-0.100379
-0.102081
-0.102805
-0.102666
-0.100896
-0.097973
-0.094336
-0.090659
-0.087777
-0.086185
-0.085755
-0.086851
-0.089026
-0.091592
-0.093795
-0.094742
-0.09454
-0.093069
-0.091085
-0.089434
-0.087951
-0.088383
-0.089641
-0.091466
-0.093411
-0.095198
-0.095811
-0.095022
-0.093282
-0.091198
-0.088825
-0.086816
-0.08625
-0.086185
-0.08741
-0.089224
-0.0911
-0.092381
-0.092797
-0.092378
-0.091116
-0.089281
-0.087558
-0.08652
-0.085439
-0.085228
-0.085668
-0.08607
-0.085979
-0.086218
-0.086114
-0.085626
-0.085411
-0.085219
-0.085983
-0.087151
-0.088218
-0.089501
-0.09035
-0.09064
-0.090277
-0.08884
-0.087477
-0.086138
-0.084564
-0.083642
-0.083305
-0.08358
-0.084267
-0.084645
-0.084609
-0.084454
-0.083873
-0.0829
-0.082553
-0.082477
-0.08347
-0.084805
-0.087115
-0.089367
-0.090859
-0.091253
-0.09098
-0.089488
-0.087572
-0.086155
-0.085225
-0.085543
-0.087551
-0.090713
-0.094041
-0.097368
-0.099977
-0.101301
-0.101271
-0.100251
-0.098751
-0.097839
-0.097802
-0.099012
-0.10065
-0.10264
-0.104275
-0.104868
-0.104271
-0.10222
-0.098561
-0.094312
-0.090108
-0.08625
-0.083746
-0.082459
-0.082609
-0.08348
-0.084319
-0.085327
-0.085992
-0.085981
-0.085833
-0.085726
-0.085222
-0.085631
-0.086796
-0.087528
-0.088764
-0.089614
-0.089979
-0.08957
-0.088982
-0.088522
-0.088434
-0.089728
-0.091638
-0.09439
-0.097704
-0.100638
-0.102943
-0.103732
-0.10316
-0.101262
-0.098813
-0.096132
-0.094653
-0.093745
-0.094456
-0.096065
-0.097659
-0.098767
-0.09856
-0.09679
-0.093565
-0.089187
-0.084495
-0.080339
-0.077251
-0.075614
-0.075888
-0.07741
-0.079247
-0.081397
-0.083203
-0.083824
-0.083802
-0.083282
-0.08277
-0.082575
-0.082462
-0.083636
-0.085259
-0.086759
-0.088455
-0.089885
-0.090092
-0.09004
-0.089043
-0.087685
-0.086284
-0.08431
-0.083351
-0.081991
-0.08121
-0.079806
-0.078669
-0.077713
-0.077026
-0.076631
-0.076967
-0.077808
-0.079347
-0.081347
-0.083153
-0.085153
-0.086496
-0.087597
-0.088186
-0.088224
-0.08856
-0.088835
-0.089603
-0.090905
-0.091997
-0.09351
-0.095109
-0.096378
-0.097491
-0.097764
-0.098163
-0.098381
-0.098918
-0.099153
-0.100225
-0.101619
-0.102641
-0.10348
-0.10323
-0.102463
-0.100721
-0.097949
-0.094507
-0.090753
-0.087085
-0.083786
-0.081328
-0.079391
-0.077981
-0.07715
-0.077227
-0.077675
-0.078487
-0.079921
-0.082214
-0.085048
-0.08827
-0.091807
-0.094697
-0.097393
-0.099365
-0.100702
-0.101062
-0.100757
-0.099848
-0.098641
-0.097483
-0.096063
-0.09525
-0.094122
-0.092919
-0.09186
-0.090986
-0.089205
-0.088034
-0.086748
-0.084649
-0.08335
-0.081838
-0.08066
-0.079724
-0.078966
-0.078236
-0.077771
-0.077377
-0.076969
-0.077013
-0.077172
-0.077765
-0.078504
-0.079521
-0.080621
-0.081873
-0.083164
-0.084618
-0.086157
-0.088096
-0.090156
-0.092424
-0.095084
-0.097402
-0.099127
-0.100061
-0.100472
-0.099906
-0.09913
-0.098219
-0.097769
-0.09752
-0.097552
-0.098548
-0.099099
-0.099968
-0.10034
-0.100562
-0.100066
-0.099041
-0.09764
-0.09661
-0.095026
-0.094402
-0.093679
-0.093647
-0.093509
-0.093185
-0.093033
-0.092146
-0.091871
-0.090951
-0.089982
-0.089226
-0.088644
-0.088015
-0.087387
-0.086969
-0.085994
-0.084989
-0.083738
-0.082386
-0.080727
-0.079404
-0.077816
-0.076709
-0.075773
-0.074874
-0.074384
-0.074604
-0.074589
-0.074887
-0.075515
-0.076991
-0.078837
-0.081225
-0.083892
-0.086111
-0.088108
-0.088889
-0.089227
-0.089002
-0.088648
-0.088443
-0.088942
-0.090268
-0.092249
-0.095183
-0.098657
-0.102297
-0.105336
-0.107385
-0.108633
-0.108702
-0.107675
-0.106342
-0.104285
-0.102962
-0.102128
-0.101654
-0.101596
-0.101031
-0.099895
-0.097612
-0.09395
-0.08939
-0.083986
-0.078637
-0.07422
-0.070572
-0.068989
-0.068769
-0.069958
-0.072036
-0.074721
-0.077638
-0.080562
-0.083233
-0.0849
-0.086483
-0.087407
-0.088301
-0.088925
-0.090043
-0.091579
-0.093413
-0.095484
-0.097513
-0.099441
-0.100967
-0.102843
-0.103903
-0.105158
-0.10566
-0.106276
-0.106678
-0.106445
-0.105525
-0.104939
-0.103731
-0.102215
-0.100694
-0.098762
-0.09665
-0.09444
-0.091635
-0.088885
-0.085864
-0.083051
-0.080475
-0.078575
-0.077128
-0.076905
-0.077543
-0.078553
-0.079801
-0.081146
-0.082052
-0.082298
-0.082177
-0.081204
-0.080486
-0.079558
-0.079176
-0.079451
-0.080238
-0.081502
-0.083577
-0.086148
-0.088414
-0.090312
-0.092049
-0.093482
-0.094524
-0.09565
-0.096403
-0.097768
-0.098803
-0.100064
-0.100901
-0.100606
-0.099376
-0.09753
-0.094954
-0.092385
-0.089529
-0.087237
-0.085453
-0.083796
-0.082661
-0.081785
-0.081277
-0.080583
-0.079741
-0.079085
-0.078278
-0.07819
-0.078077
-0.078629
-0.079947
-0.081962
-0.083755
-0.08518
-0.086275
-0.086836
-0.086483
-0.085675
-0.084862
-0.08434
-0.084477
-0.085277
-0.087193
-0.089714
-0.092546
-0.095809
-0.098171
-0.100232
-0.101049
-0.10049
-0.098651
-0.096751
-0.094584
-0.092224
-0.090416
-0.089612
-0.088858
-0.088693
-0.08849
-0.088779
-0.08884
-0.088632
-0.088294
-0.088098
-0.087435
-0.086999
-0.086558
-0.086429
-0.086431
-0.086987
-0.087921
-0.089263
-0.091008
-0.092877
-0.09475
-0.09628
-0.097406
-0.09827
-0.097956
-0.097732
-0.097099
-0.096701
-0.096503
-0.096059
-0.09609
-0.095936
-0.095348
-0.094224
-0.092234
-0.089416
-0.086237
-0.082555
-0.078858
-0.07565
-0.07282
-0.070845
-0.069676
-0.069176
-0.069718
-0.071368
-0.073177
-0.075482
-0.077835
-0.080323
-0.082717
-0.085509
-0.088044
-0.090913
-0.093385
-0.095716
-0.09772
-0.099305
-0.100211
-0.100416
-0.100008
-0.099291
-0.098348
-0.097274
-0.096638
-0.096063
-0.095823
-0.095965
-0.095836
-0.095323
-0.094463
-0.092803
-0.090894
-0.088975
-0.086795
-0.085519
-0.08423
-0.084248
-0.084719
-0.085649
-0.086485
-0.087809
-0.088626
-0.088963
-0.089252
-0.089376
-0.090054
-0.090359
-0.091242
-0.092262
-0.093919
-0.09552
-0.09671
-0.097691
-0.097918
-0.097822
-0.096886
-0.095527
-0.094111
-0.093012
-0.091381
-0.09038
-0.089703
-0.089331
-0.089095
-0.088434
-0.087772
-0.086965
-0.085843
-0.08518
-0.084433
-0.084256
-0.084371
-0.084704
-0.085297
-0.085856
-0.08627
-0.086192
-0.085614
-0.085283
-0.084334
-0.083294
-0.082556
-0.082713
-0.083569
-0.085161
-0.087563
-0.090366
-0.093317
-0.095293
-0.097183
-0.097468
-0.097133
-0.095882
-0.094078
-0.092027
-0.09001
-0.088426
-0.087063
-0.085948
-0.085326
-0.084484
-0.083601
-0.08252
-0.081377
-0.080148
-0.079402
-0.078572
-0.078439
-0.078769
-0.07955
-0.081211
-0.083028
-0.085232
-0.087205
-0.089258
-0.091298
-0.093017
-0.094355
-0.09569
-0.096698
-0.097786
-0.09823
-0.098937
-0.099573
-0.099729
-0.099967
-0.100422
-0.100751
-0.101196
-0.101408
-0.10134
-0.100793
-0.099486
-0.097385
-0.094243
-0.090903
-0.086771
-0.083567
-0.080986
-0.078996
-0.07804
-0.077672
-0.077979
-0.078937
-0.080225
-0.081195
-0.08263
-0.08334
-0.084247
-0.084951
-0.085754
-0.087032
-0.088802
-0.091271
-0.093817
-0.096506
-0.098683
-0.100209
-0.101227
-0.10163
-0.101607
-0.101401
-0.100833
-0.100292
-0.099387
-0.098628
-0.098091
-0.097357
-0.096931
-0.096877
-0.096418
-0.095844
-0.095235
-0.093426
-0.091502
-0.089281
-0.086926
-0.084191
-0.082076
-0.080036
-0.078854
-0.078509
-0.078356
-0.078928
-0.079693
-0.080733
-0.081358
-0.081565
-0.081564
-0.081283
-0.080642
-0.079993
-0.079637
-0.079672
-0.080455
-0.081608
-0.083498
-0.085443
-0.087708
-0.089475
-0.090569
-0.091008
-0.090649
-0.089181
-0.087068
-0.08462
-0.082724
-0.081159
-0.080409
-0.080628
-0.081426
-0.082771
-0.083877
-0.084606
-0.084854
-0.084568
-0.083986
-0.083442
-0.083119
-0.083511
-0.084115
-0.085831
-0.087292
-0.08893
-0.090397
-0.09123
-0.09172
-0.091777
-0.092017
-0.091792
-0.091571
-0.09186
-0.091954
-0.092265
-0.092403
-0.092323
-0.092069
-0.09137
-0.090891
-0.089566
-0.089084
-0.088247
-0.088057
-0.088596
-0.088928
-0.089343
-0.089924
-0.090219
-0.090881
-0.090788
-0.090737
-0.090701
-0.090227
-0.089384
-0.088865
-0.088122
-0.087409
-0.086881
-0.086525
-0.086843
-0.087405
-0.088402
-0.089821
-0.091323
-0.092868
-0.09447
-0.096341
-0.097782
-0.098812
-0.099646
-0.099772
-0.100111
-0.10035
-0.100305
-0.100758
-0.101144
-0.10115
-0.101098
-0.10059
-0.098845
-0.096825
-0.094448
-0.091781
-0.088487
-0.085467
-0.0831
-0.080596
-0.079382
-0.078396
-0.077432
-0.076801
-0.076401
-0.075433
-0.074418
-0.073439
-0.072503
-0.07209
-0.071732
-0.072385
-0.073285
-0.075245
-0.076866
-0.07835
-0.079899
-0.081122
-0.082189
-0.0828
-0.083741
-0.084729
-0.085797
-0.087125
-0.088418
-0.089984
-0.090996
-0.092474
-0.093455
-0.094835
-0.095952
-0.096526
-0.096976
-0.097666
-0.097683
-0.097634
-0.097109
-0.096064
-0.094869
-0.093579
-0.092699
-0.091701
-0.091001
-0.090915
-0.090869
-0.091117
-0.091459
-0.091678
-0.091956
-0.092279
-0.092906
-0.093291
-0.093908
-0.094231
-0.094837
-0.094942
-0.09489
-0.094775
-0.09437
-0.09339
-0.092365
-0.091344
-0.089895
-0.088634
-0.087723
-0.086979
-0.086674
-0.086893
-0.08752
-0.087962
-0.088469
-0.088756
-0.088538
-0.088287
-0.087331
-0.086792
-0.086013
-0.085555
-0.08533
-0.085373
-0.085508
-0.085667
-0.086313
-0.086445
-0.086402
-0.08614
-0.085796
-0.085636
-0.086032
-0.086804
-0.088658
-0.090996
-0.094001
-0.097175
-0.099601
-0.101677
-0.102498
-0.102584
-0.101545
-0.100131
-0.098406
-0.096243
-0.094122
-0.091793
-0.089509
-0.087198
-0.084654
-0.081934
-0.07887
-0.075835
-0.072681
-0.070032
-0.067912
-0.067071
-0.067194
-0.069052
-0.072077
-0.076032
-0.080582
-0.084968
-0.088593
-0.09181
-0.09403
-0.09574
-0.09676
-0.097752
-0.098378
-0.099198
-0.100167
-0.101491
-0.103069
-0.104268
-0.104958
-0.105302
-0.104799
-0.10399
-0.102327
-0.100568
-0.098741
-0.097286
-0.095771
-0.095023
-0.093955
-0.093275
-0.092388
-0.091061
-0.089647
-0.088157
-0.086548
-0.084655
-0.083649
-0.08221
-0.081555
-0.080892
-0.080212
-0.079689
-0.079229
-0.079213
-0.079519
-0.080386
-0.082115
-0.083718
-0.085545
-0.087502
-0.088729
-0.090231
-0.090853
-0.091749
-0.092532
-0.092976
-0.093452
-0.093888
-0.093854
-0.093931
-0.09399
-0.093473
-0.092728
-0.091395
-0.089773
-0.087937
-0.085678
-0.084389
-0.08325
-0.083354
-0.084277
-0.085264
-0.086853
-0.088342
-0.088959
-0.089495
-0.089511
-0.089037
-0.088494
-0.087435
-0.08712
-0.086708
-0.086018
-0.086124
-0.085832
-0.085728
-0.085075
-0.084531
-0.08382
-0.083333
-0.082805
-0.082903
-0.083127
-0.083746
-0.084766
-0.085889
-0.086638
-0.087115
-0.087333
-0.086814
-0.086554
-0.085974
-0.085523
-0.08495
-0.084572
-0.084367
-0.08386
-0.083038
-0.082508
-0.082288
-0.08279
-0.08402
-0.085387
-0.088405
-0.091717
-0.094764
-0.09762
-0.100551
-0.101774
-0.10254
-0.103044
-0.102428
-0.101814
-0.100566
-0.099688
-0.098659
-0.097412
-0.096306
-0.094361
-0.092949
-0.091391
-0.08967
-0.087902
-0.086552
-0.085775
-0.085351
-0.085535
-0.086463
-0.087408
-0.088015
-0.088398
-0.088488
-0.087768
-0.086839
-0.08543
-0.08392
-0.082833
-0.082087
-0.08209
-0.082688
-0.083614
-0.084743
-0.086041
-0.087133
-0.087371
-0.087241
-0.086931
-0.087324
-0.087896
-0.089911
-0.092237
-0.096058
-0.09915
-0.102101
-0.103774
-0.104219
-0.103237
-0.101183
-0.098694
-0.09566
-0.092758
-0.090501
-0.088665
-0.08723
-0.085778
-0.084649
-0.083431
-0.082428
-0.080751
-0.079075
-0.077776
-0.076572
-0.075932
-0.076183
-0.077119
-0.07868
-0.080794
-0.083275
-0.086112
-0.088767
-0.090695
-0.092276
-0.092815
-0.09236
-0.091673
-0.090501
-0.089249
-0.088553
-0.088337
-0.08837
-0.08902
-0.089874
-0.090875
-0.091614
-0.091845
-0.091581
-0.090872
-0.090195
-0.089654
-0.089187
-0.090024
-0.091305
-0.093169
-0.095445
-0.09749
-0.098888
-0.099995
-0.100185
-0.09939
-0.098471
-0.096554
-0.095048
-0.093744
-0.092582
-0.091977
-0.091956
-0.091755
-0.091866
-0.091814
-0.09129
-0.090493
-0.089018
-0.087397
-0.085913
-0.084593
-0.083864
-0.083847
-0.084305
-0.084903
-0.085578
-0.085665
-0.08561
-0.084593
-0.08272
-0.080882
-0.078609
-0.076794
-0.075482
-0.075327
-0.076021
-0.07751
-0.08037
-0.083536
-0.086409
-0.089645
-0.091955
-0.093932
-0.095081
-0.095676
-0.096166
-0.096455
-0.096802
-0.097483
-0.098365
-0.09885
-0.098977
-0.098953
-0.098633
-0.097848
-0.09714
-0.096482
-0.096128
-0.095555
-0.09526
-0.095002
-0.09483
-0.0948
-0.094417
-0.094099
-0.093767
-0.09299
-0.09237
-0.09114
-0.089755
-0.087901
-0.085899
-0.083954
-0.081437
-0.079351
-0.077378
-0.075933
-0.075202
-0.075076
-0.076491
-0.078592
-0.081445
-0.084304
-0.086636
-0.089101
-0.090687
-0.091615
-0.092853
-0.093894
-0.09527
-0.096638
-0.098107
-0.099415
-0.100146
-0.100609
-0.101248
-0.101248
-0.100839
-0.100278
-0.099055
-0.098623
-0.09726
-0.096847
-0.09602
-0.095434
-0.094916
-0.093622
-0.092157
-0.089664
-0.087027
-0.084322
-0.081774
-0.080003
-0.078313
-0.077763
-0.077832
-0.077599
-0.077687
-0.077697
-0.077496
-0.077509
-0.077565
-0.077864
-0.078656
-0.08017
-0.082346
-0.084714
-0.088004
-0.09063
-0.092748
-0.094384
-0.094989
-0.094829
-0.094249
-0.093249
-0.092177
-0.091291
-0.090632
-0.089962
-0.089328
-0.088907
-0.088431
-0.087931
-0.087711
-0.087158
-0.086207
-0.085072
-0.083552
-0.081939
-0.080629
-0.080025
-0.079557
-0.079722
-0.080521
-0.081236
-0.082435
-0.083318
-0.084064
-0.08432
-0.084371
-0.084255
-0.084452
-0.084768
-0.085467
-0.086726
-0.088599
-0.091547
-0.094471
-0.097089
-0.09939
-0.10097
-0.101279
-0.100608
-0.099237
-0.097555
-0.095671
-0.094427
-0.093619
-0.093173
-0.093108
-0.093281
-0.093266
-0.092705
-0.09181
-0.090238
-0.088256
-0.086259
-0.084904
-0.083792
-0.083468
-0.083762
-0.084371
-0.085192
-0.086221
-0.087422
-0.088475
-0.089339
-0.090826
-0.091883
-0.09208
-0.092278
-0.092828
-0.093099
-0.093543
-0.094289
-0.095665
-0.096387
-0.097131
-0.097804
-0.097899
-0.097355
-0.097376
-0.096507
-0.095704
-0.095204
-0.094678
-0.093793
-0.093356
-0.092377
-0.09136
-0.090277
-0.089069
-0.087801
-0.086761
-0.085306
-0.084128
-0.082468
-0.081506
-0.080268
-0.078906
-0.077799
-0.077224
-0.076521
-0.076173
-0.076493
-0.077062
-0.077718
-0.078978
-0.080378
-0.081904
-0.083682
-0.085643
-0.087383
-0.089025
-0.090604
-0.091584
-0.09184
-0.091403
-0.090492
-0.089312
-0.087827
-0.086286
-0.084972
-0.084044
-0.08363
-0.083872
-0.084378
-0.085188
-0.086129
-0.086621
-0.087123
-0.087093
-0.087314
-0.087351
-0.088157
-0.089178
-0.091069
-0.09307
-0.094901
-0.096735
-0.097685
-0.098197
-0.0978
-0.096891
-0.095626
-0.094758
-0.093744
-0.09337
-0.093302
-0.093515
-0.094284
-0.095005
-0.095387
-0.095633
-0.095053
-0.094045
-0.093176
-0.091913
-0.09118
-0.090773
-0.090658
-0.091319
-0.091754
-0.092674
-0.093203
-0.092743
-0.09213
-0.090694
-0.089788
-0.088508
-0.087933
-0.087895
-0.088805
-0.089824
-0.0918
-0.093824
-0.095515
-0.09662
-0.097153
-0.097405
-0.096843
-0.096099
-0.095459
-0.094773
-0.094471
-0.094337
-0.094449
-0.094116
-0.09389
-0.0931
-0.091702
-0.090289
-0.088535
-0.086065
-0.084033
-0.082402
-0.08092
-0.080073
-0.080241
-0.08078
-0.081614
-0.082397
-0.083204
-0.083056
-0.082148
-0.080738
-0.07885
-0.076867
-0.075387
-0.074342
-0.074156
-0.07482
-0.076503
-0.079259
-0.082446
-0.085648
-0.08867
-0.091015
-0.09304
-0.093972
-0.094788
-0.095443
-0.096289
-0.097216
-0.098755
-0.099857
-0.100869
-0.101169
-0.100946
-0.100323
-0.09887
-0.097366
-0.096095
-0.095171
-0.094197
-0.094098
-0.093765
-0.09367
-0.093652
-0.093048
-0.091921
-0.090847
-0.089127
-0.087904
-0.086694
-0.086416
-0.086317
-0.086336
-0.086966
-0.087228
-0.087308
-0.086847
-0.08645
-0.085603
-0.084623
-0.083959
-0.083762
-0.084073
-0.084866
-0.086436
-0.088129
-0.089951
-0.092282
-0.094385
-0.096617
-0.098209
-0.099457
-0.100264
-0.100779
-0.100434
-0.100051
-0.099565
-0.098536
-0.09721
-0.095965
-0.094069
-0.09226
-0.08996
-0.088038
-0.086776
-0.085684
-0.084577
-0.083872
-0.082681
-0.080963
-0.0787
-0.07615
-0.073932
-0.07187
-0.07077
-0.070684
-0.07155
-0.072849
-0.074811
-0.076893
-0.078559
-0.080192
-0.08129
-0.082109
-0.083272
-0.08391
-0.085119
-0.08611
-0.087661
-0.089781
-0.09121
-0.093182
-0.09498
-0.09629
-0.097199
-0.097851
-0.098644
-0.098718
-0.098912
-0.098764
-0.098593
-0.098473
-0.097838
-0.097221
-0.096349
-0.095584
-0.094748
-0.094384
-0.093492
-0.09277
-0.092292
-0.091323
-0.090526
-0.089606
-0.088429
-0.087419
-0.086748
-0.086092
-0.085942
-0.085979
-0.086459
-0.087647
-0.088535
-0.089112
-0.089467
-0.089587
-0.089022
-0.088541
-0.087748
-0.086778
-0.086167
-0.085645
-0.085432
-0.085173
-0.084925
-0.084486
-0.083889
-0.083697
-0.083892
-0.084309
-0.085317
-0.087299
-0.089844
-0.092343
-0.095282
-0.097682
-0.099371
-0.100497
-0.100761
-0.100603
-0.100458
-0.100228
-0.10031
-0.101074
-0.101802
-0.102557
-0.102664
-0.102369
-0.101318
-0.099883
-0.097486
-0.095164
-0.092546
-0.089963
-0.087731
-0.085917
-0.084154
-0.082415
-0.08094
-0.07933
-0.077506
-0.075965
-0.074616
-0.07326
-0.07243
-0.072361
-0.072708
-0.073467
-0.074812
-0.075825
-0.077211
-0.078625
-0.080139
-0.081852
-0.08406
-0.085862
-0.088428
-0.090154
-0.091592
-0.092121
-0.091506
-0.090248
-0.088296
-0.086777
-0.085375
-0.084978
-0.085194
-0.08648
-0.088024
-0.089904
-0.091474
-0.092763
-0.09334
-0.093184
-0.093074
-0.092784
-0.092546
-0.093145
-0.094395
-0.096456
-0.098365
-0.100632
-0.102138
-0.102703
-0.10207
-0.100497
-0.098154
-0.095307
-0.093014
-0.091338
-0.090894
-0.091299
-0.093016
-0.095015
-0.09684
-0.097586
-0.097446
-0.096386
-0.094735
-0.093043
-0.091471
-0.090334
-0.089508
-0.089214
-0.08926
-0.089272
-0.089143
-0.088941
-0.088271
-0.087529
-0.086887
-0.08587
-0.08539
-0.085218
-0.085414
-0.085456
-0.086165
-0.086694
-0.087526
-0.087746
-0.088066
-0.088307
-0.088185
-0.089183
-0.089736
-0.090502
-0.09116
-0.091888
-0.092599
-0.092711
-0.09332
-0.09349
-0.094329
-0.095068
-0.095931
-0.096034
-0.095834
-0.094577
-0.092794
-0.090201
-0.087329
-0.08457
-0.082086
-0.081091
-0.080592
-0.081991
-0.083342
-0.084927
-0.086485
-0.086984
-0.087006
-0.086163
-0.084864
-0.08339
-0.082184
-0.082539
-0.0836
-0.085739
-0.08904
-0.092395
-0.09511
-0.096826
-0.09737
-0.097077
-0.095286
-0.093268
-0.091506
-0.090433
-0.090918
-0.092078
-0.094178
-0.096279
-0.098384
-0.09985
-0.09969
-0.098507
-0.095797
-0.092766
-0.089292
-0.086057
-0.083508
-0.082226
-0.08124
-0.080945
-0.081063
-0.080481
-0.080147
-0.079061
-0.07749
-0.076685
-0.076189
-0.07656
-0.077776
-0.079809
-0.082228
-0.084925
-0.087063
-0.089169
-0.09055
-0.091313
-0.091435
-0.0915
-0.091389
-0.091513
-0.091623
-0.0921
-0.092628
-0.093401
-0.094088
-0.094673
-0.095222
-0.095869
-0.096913
-0.09739
-0.097478
-0.097319
-0.096291
-0.094462
-0.092466
-0.090425
-0.088549
-0.087735
-0.08783
-0.088599
-0.089435
-0.090637
-0.091029
-0.090853
-0.089223
-0.087465
-0.085265
-0.083332
-0.082042
-0.081647
-0.08226
-0.083655
-0.085472
-0.087418
-0.088747
-0.089264
-0.088798
-0.087376
-0.085579
-0.08316
-0.081063
-0.080867
-0.081615
-0.083427
-0.086848
-0.09065
-0.094056
-0.09606
-0.096718
-0.095829
-0.093138
-0.09037
-0.086587
-0.083784
-0.082033
-0.081411
-0.082242
-0.083684
-0.084991
-0.086605
-0.08777
-0.088006
-0.087397
-0.086347
-0.084886
-0.083632
-0.083538
-0.083863
-0.085226
-0.087715
-0.09065
-0.093324
-0.095732
-0.097563
-0.099091
-0.099669
-0.099809
-0.099596
-0.098945
-0.09783
-0.096808
-0.095394
-0.094113
-0.093051
-0.092615
-0.092346
-0.092138
-0.092335
-0.092483
-0.092567
-0.092241
-0.091322
-0.090481
-0.089559
-0.088754
-0.087834
-0.087813
-0.0876
-0.087259
-0.086969
-0.086082
-0.085374
-0.084092
-0.083215
-0.082208
-0.081882
-0.081931
-0.082661
-0.084301
-0.086103
-0.08837
-0.090131
-0.091627
-0.092334
-0.091563
-0.090191
-0.087939
-0.085676
-0.083745
-0.082011
-0.081159
-0.081177
-0.081708
-0.082877
-0.084192
-0.084942
-0.085667
-0.086117
-0.085928
-0.085778
-0.08494
-0.084232
-0.084298
-0.084828
-0.086133
-0.087656
-0.089566
-0.091457
-0.093126
-0.094199
-0.094927
-0.095035
-0.094442
-0.093382
-0.09175
-0.089826
-0.088284
-0.087239
-0.086879
-0.087602
-0.088797
-0.090146
-0.091649
-0.091837
-0.091762
-0.091071
-0.09018
-0.088899
-0.088282
-0.088174
-0.088943
-0.090842
-0.093205
-0.09559
-0.097922
-0.099396
-0.100155
-0.099922
-0.098377
-0.096587
-0.094796
-0.093487
-0.093324
-0.094201
-0.095879
-0.098374
-0.100579
-0.102838
-0.104015
-0.104282
-0.103248
-0.101516
-0.099547
-0.097621
-0.095756
-0.095099
-0.094247
-0.09415
-0.093821
-0.092989
-0.091613
-0.089516
-0.086689
-0.08399
-0.081277
-0.078939
-0.077184
-0.07589
-0.074803
-0.073634
-0.072439
-0.070958
-0.070023
-0.068844
-0.06866
-0.068894
-0.070301
-0.072502
-0.075901
-0.079508
-0.083353
-0.087149
-0.090424
-0.09305
-0.095414
-0.096908
-0.098567
-0.099999
-0.10119
-0.10228
-0.102979
-0.103392
-0.103363
-0.103059
-0.10214
-0.101459
-0.100337
-0.099381
-0.098478
-0.097008
-0.095142
-0.09281
-0.089907
-0.087035
-0.083695
-0.080755
-0.078328
-0.076463
-0.075396
-0.075255
-0.075421
-0.076196
-0.076844
-0.077607
-0.077962
-0.078072
-0.077948
-0.078102
-0.078172
-0.078903
-0.080101
-0.081944
-0.084528
-0.086707
-0.089438
-0.091982
-0.094268
-0.096113
-0.097854
-0.099643
-0.10093
-0.102559
-0.103849
-0.104457
-0.104485
-0.103695
-0.102428
-0.101046
-0.099327
-0.098179
-0.097584
-0.097591
-0.097599
-0.09768
-0.097717
-0.096969
-0.095462
-0.093359
-0.090551
-0.088391
-0.086065
-0.08474
-0.084588
-0.084913
-0.086801
-0.088541
-0.090115
-0.090483
-0.089732
-0.088333
-0.086197
-0.084373
-0.083399
-0.083088
-0.084065
-0.085247
-0.087016
-0.088138
-0.088209
-0.086898
-0.084909
-0.08227
-0.079484
-0.077051
-0.076036
-0.075967
-0.077673
-0.080186
-0.083079
-0.086053
-0.088084
-0.088953
-0.089058
-0.087771
-0.086507
-0.085224
-0.084276
-0.083832
-0.084151
-0.085427
-0.087349
-0.088549
-0.089839
-0.090512
-0.090542
-0.089886
-0.089067
-0.088624
-0.088676
-0.089355
-0.090479
-0.091933
-0.093393
-0.094471
-0.094602
-0.094447
-0.093854
-0.093027
-0.092334
-0.091677
-0.091826
-0.092549
-0.092992
-0.093371
-0.093755
-0.093594
-0.093312
-0.092391
-0.091603
-0.090014
-0.088404
-0.086951
-0.085203
-0.083827
-0.082694
-0.081555
-0.081581
-0.082448
-0.084128
-0.087193
-0.090469
-0.094086
-0.097402
-0.100144
-0.101633
-0.102025
-0.101843
-0.101272
-0.100905
-0.100875
-0.100872
-0.101571
-0.102015
-0.102364
-0.102587
-0.101338
-0.099669
-0.096903
-0.093662
-0.089758
-0.085765
-0.082193
-0.079131
-0.076735
-0.074994
-0.073128
-0.071888
-0.070727
-0.069642
-0.068557
-0.068367
-0.068615
-0.069967
-0.072168
-0.075385
-0.079094
-0.083307
-0.087073
-0.090524
-0.092827
-0.094586
-0.09554
-0.095839
-0.095777
-0.095739
-0.095812
-0.095996
-0.09587
-0.095782
-0.095601
-0.095312
-0.095053
-0.09431
-0.09368
-0.09342
-0.092984
-0.092971
-0.09293
-0.09276
-0.091889
-0.091078
-0.089587
-0.087606
-0.08569
-0.084084
-0.083607
-0.083739
-0.084598
-0.08597
-0.087443
-0.089095
-0.09051
-0.091536
-0.091682
-0.092144
-0.092204
-0.092548
-0.093172
-0.094514
-0.095941
-0.097174
-0.098144
-0.09943
-0.099626
-0.099494
-0.09856
-0.097352
-0.096055
-0.095193
-0.094438
-0.09386
-0.093295
-0.092845
-0.091733
-0.090762
-0.08922
-0.087614
-0.086125
-0.085511
-0.085549
-0.086219
-0.087593
-0.08866
-0.089768
-0.090026
-0.089901
-0.088848
-0.08712
-0.084901
-0.083418
-0.082541
-0.082184
-0.083511
-0.085725
-0.089408
-0.092993
-0.096443
-0.099381
-0.101032
-0.10181
-0.102122
-0.101037
-0.100243
-0.099099
-0.098119
-0.097208
-0.095875
-0.094472
-0.092459
-0.089902
-0.087595
-0.084727
-0.081784
-0.079174
-0.076657
-0.074732
-0.073754
-0.07341
-0.07322
-0.07405
-0.074596
-0.075359
-0.076362
-0.076724
-0.077555
-0.078477
-0.079359
-0.080957
-0.082979
-0.084713
-0.086094
-0.087709
-0.088663
-0.089573
-0.090065
-0.09065
-0.09106
-0.091498
-0.09186
-0.092246
-0.092765
-0.093073
-0.093671
-0.094037
-0.094186
-0.094051
-0.093753
-0.093574
-0.092839
-0.092099
-0.091245
-0.090322
-0.089403
-0.088531
-0.087479
-0.086737
-0.08604
-0.085924
-0.085532
-0.08562
-0.08601
-0.086533
-0.087369
-0.088279
-0.089289
-0.090271
-0.091182
-0.091851
-0.092648
-0.093496
-0.094103
-0.094538
-0.094646
-0.094674
-0.0948
-0.094786
-0.095165
-0.096049
-0.097253
-0.0986
-0.099251
-0.099415
-0.098679
-0.09718
-0.094859
-0.092048
-0.089986
-0.08836
-0.086926
-0.086674
-0.087122
-0.088554
-0.08991
-0.091628
-0.092587
-0.092792
-0.091759
-0.090484
-0.088096
-0.086333
-0.08445
-0.082888
-0.081887
-0.081464
-0.080968
-0.080623
-0.080376
-0.079856
-0.078959
-0.077719
-0.076473
-0.075092
-0.074107
-0.073631
-0.074335
-0.075471
-0.077846
-0.080769
-0.083975
-0.087163
-0.089642
-0.091365
-0.092194
-0.092328
-0.092559
-0.092407
-0.092312
-0.09254
-0.093424
-0.094499
-0.09551
-0.096742
-0.097922
-0.098652
-0.099034
-0.098616
-0.098005
-0.096539
-0.094772
-0.092734
-0.090778
-0.088847
-0.087556
-0.086572
-0.086498
-0.085948
-0.085798
-0.084776
-0.083092
-0.081301
-0.078915
-0.076213
-0.074255
-0.07318
-0.072913
-0.073935
-0.075707
-0.078472
-0.081333
-0.084045
-0.086497
-0.088266
-0.089218
-0.089368
-0.089412
-0.089114
-0.08918
-0.089962
-0.090722
-0.092043
-0.093561
-0.094818
-0.095938
-0.096845
-0.09711
-0.097463
-0.098283
-0.098569
-0.09964
-0.100908
-0.102469
-0.103438
-0.103801
-0.103906
-0.103117
-0.101691
-0.099867
-0.097898
-0.095766
-0.093716
-0.091663
-0.089564
-0.087188
-0.084762
-0.082464
-0.07997
-0.078385
-0.076937
-0.076658
-0.077213
-0.078865
-0.081239
-0.083265
-0.085476
-0.087325
-0.088844
-0.089421
-0.08935
-0.089472
-0.089453
-0.089881
-0.090788
-0.092238
-0.094369
-0.096175
-0.097586
-0.098418
-0.097627
-0.095756
-0.093405
-0.09032
-0.086993
-0.084077
-0.081798
-0.080477
-0.079775
-0.079567
-0.079363
-0.079449
-0.079194
-0.07873
-0.078111
-0.077801
-0.077579
-0.077294
-0.078088
-0.079538
-0.081554
-0.083947
-0.086249
-0.089164
-0.091598
-0.09375
-0.095901
-0.097395
-0.098822
-0.099717
-0.100901
-0.101463
-0.101808
-0.101995
-0.10178
-0.10143
-0.101663
-0.101708
-0.102318
-0.103139
-0.104176
-0.105094
-0.105082
-0.104305
-0.102449
-0.100307
-0.097955
-0.095162
-0.092927
-0.091516
-0.090195
-0.088993
-0.087991
-0.086129
-0.083797
-0.081137
-0.077919
-0.075169
-0.072962
-0.071921
-0.072617
-0.073982
-0.076296
-0.079189
-0.081608
-0.083952
-0.084854
-0.085186
-0.08486
-0.084309
-0.08427
-0.085203
-0.086873
-0.089807
-0.093071
-0.096679
-0.098982
-0.100615
-0.100301
-0.098626
-0.095469
-0.092297
-0.089349
-0.087114
-0.085891
-0.085321
-0.085588
-0.085919
-0.085654
-0.085153
-0.083601
-0.081483
-0.079351
-0.077494
-0.076346
-0.075794
-0.076746
-0.077884
-0.079778
-0.081446
-0.083361
-0.084017
-0.084907
-0.084995
-0.085259
-0.085775
-0.087464
-0.089313
-0.091706
-0.094413
-0.096898
-0.098941
-0.100176
-0.100984
-0.101057
-0.101486
-0.101229
-0.100665
-0.0997
-0.098655
-0.097752
-0.096564
-0.095714
-0.095071
-0.09475
-0.094777
-0.094726
-0.094627
-0.094584
-0.093817
-0.092433
-0.09018
-0.087382
-0.084336
-0.08192
-0.079925
-0.078973
-0.079251
-0.080498
-0.082881
-0.085009
-0.087414
-0.088747
-0.089756
-0.089905
-0.089084
-0.087536
-0.08629
-0.085254
-0.084978
-0.085162
-0.085922
-0.086201
-0.08656
-0.085934
-0.085332
-0.083951
-0.082895
-0.0819
-0.082205
-0.083179
-0.085368
-0.087909
-0.090936
-0.093688
-0.095291
-0.095994
-0.095414
-0.094815
-0.094026
-0.093736
-0.093784
-0.095185
-0.096426
-0.09753
-0.098474
-0.098457
-0.097851
-0.0965
-0.094273
-0.092146
-0.089378
-0.086775
-0.084418
-0.082526
-0.080632
-0.079015
-0.077239
-0.076285
-0.075177
-0.075523
-0.076222
-0.077787
-0.080057
-0.082895
-0.08549
-0.087388
-0.088742
-0.088698
-0.087652
-0.086037
-0.083718
-0.082226
-0.081406
-0.081265
-0.082788
-0.084875
-0.087037
-0.089205
-0.09045
-0.090853
-0.090321
-0.089265
-0.088604
-0.088523
-0.08952
-0.091785
-0.095248
-0.099177
-0.102712
-0.105499
-0.106719
-0.10652
-0.104882
-0.102916
-0.100656
-0.098407
-0.096934
-0.095305
-0.09407
-0.092434
-0.090793
-0.0885
-0.085644
-0.082643
-0.07991
-0.077678
-0.075969
-0.075663
-0.076207
-0.077078
-0.078082
-0.078842
-0.079599
-0.079916
-0.080858
-0.081822
-0.08383
-0.086006
-0.089297
-0.092086
-0.094249
-0.09595
-0.096827
-0.096373
-0.095794
-0.09533
-0.095091
-0.095964
-0.097722
-0.100516
-0.103019
-0.105115
-0.105693
-0.104496
-0.101844
-0.097692
-0.092752
-0.087904
-0.084359
-0.082065
-0.081742
-0.082585
-0.084217
-0.085655
-0.086044
-0.085006
-0.083164
-0.080465
-0.078119
-0.076342
-0.076514
-0.077533
-0.079765
-0.08256
-0.085271
-0.087307
-0.088117
-0.088484
-0.087657
-0.086325
-0.0851
-0.083911
-0.083796
-0.084293
-0.085426
-0.08682
-0.088769
-0.090005
-0.090859
-0.091123
-0.091953
-0.092897
-0.094609
-0.097224
-0.100276
-0.103409
-0.106048
-0.107858
-0.108294
-0.107904
-0.10681
-0.105142
-0.103658
-0.102586
-0.102015
-0.101432
-0.10063
-0.09943
-0.097256
-0.094744
-0.091731
-0.088566
-0.085521
-0.082765
-0.08142
-0.080663
-0.080821
-0.081252
-0.082003
-0.082688
-0.08235
-0.081572
-0.080324
-0.078485
-0.076846
-0.076024
-0.075654
-0.076823
-0.078168
-0.079998
-0.081802
-0.082221
-0.082237
-0.081031
-0.079709
-0.078469
-0.077408
-0.077387
-0.078749
-0.080259
-0.082269
-0.084304
-0.085854
-0.08701
-0.087811
-0.088251
-0.089028
-0.090416
-0.092242
-0.09485
-0.097328
-0.099536
-0.100946
-0.100614
-0.099412
-0.096851
-0.093191
-0.089962
-0.087052
-0.08547
-0.085045
-0.085659
-0.086792
-0.088213
-0.089751
-0.090476
-0.090607
-0.090275
-0.089736
-0.089214
-0.088761
-0.088351
-0.088595
-0.088703
-0.088869
-0.088851
-0.089002
-0.089084
-0.089503
-0.089934
-0.090516
-0.090978
-0.092202
-0.092957
-0.093568
-0.093893
-0.093711
-0.093041
-0.092235
-0.091101
-0.090407
-0.090031
-0.090153
-0.090344
-0.091102
-0.091342
-0.090992
-0.089949
-0.08906
-0.087705
-0.086464
-0.085902
-0.085077
-0.085135
-0.085086
-0.085041
-0.084492
-0.083917
-0.083349
-0.082748
-0.08247
-0.082516
-0.084084
-0.086209
-0.089161
-0.092492
-0.095656
-0.097804
-0.099257
-0.098914
-0.097594
-0.095478
-0.093128
-0.091111
-0.090008
-0.090219
-0.091225
-0.092673
-0.094054
-0.094479
-0.0941
-0.092103
-0.089222
-0.085595
-0.082358
-0.079485
-0.077467
-0.076867
-0.077315
-0.077882
-0.078836
-0.079816
-0.080052
-0.080386
-0.080101
-0.0801
-0.080753
-0.081797
-0.083144
-0.084623
-0.085768
-0.08681
-0.08769
-0.087706
-0.087908
-0.087595
-0.087294
-0.086948
-0.087426
-0.087224
-0.087196
-0.087658
-0.08695
-0.086608
-0.085522
-0.084711
-0.084502
-0.08497
-0.08678
-0.088569
-0.091421
-0.093296
-0.094291
-0.094026
-0.0921
-0.088914
-0.085086
-0.081524
-0.079114
-0.077693
-0.078313
-0.079877
-0.082712
-0.085057
-0.087173
-0.087651
-0.087362
-0.086171
-0.084204
-0.082785
-0.082428
-0.083231
-0.085568
-0.088317
-0.091904
-0.09579
-0.098947
-0.101426
-0.103163
-0.104375
-0.10514
-0.106201
-0.107829
-0.10962
-0.111221
-0.112482
-0.112885
-0.111886
-0.109989
-0.106933
-0.102823
-0.098814
-0.094833
-0.091651
-0.088985
-0.086442
-0.083618
-0.081268
-0.078247
-0.075078
-0.072159
-0.070473
-0.069293
-0.069886
-0.071563
-0.074056
-0.076979
-0.079604
-0.08141
-0.082557
-0.083043
-0.082666
-0.082518
-0.082383
-0.08293
-0.084401
-0.087183
-0.089751
-0.091951
-0.093398
-0.094051
-0.093377
-0.092126
-0.090559
-0.089642
-0.088977
-0.089355
-0.090784
-0.092162
-0.093029
-0.09304
-0.091682
-0.089073
-0.086211
-0.083165
-0.081118
-0.080465
-0.081228
-0.083849
-0.087093
-0.089653
-0.091817
-0.092396
-0.091568
-0.08934
-0.086583
-0.084549
-0.083204
-0.082992
-0.084795
-0.086594
-0.089158
-0.090943
-0.091883
-0.091806
-0.09068
-0.088922
-0.087608
-0.086862
-0.087218
-0.088576
-0.091267
-0.094397
-0.097479
-0.100113
-0.101594
-0.101915
-0.101072
-0.099529
-0.097831
-0.096855
-0.096643
-0.096423
-0.096287
-0.095836
-0.094126
-0.091367
-0.087764
-0.083558
-0.080101
-0.077325
-0.076244
-0.077075
-0.078858
-0.080585
-0.082669
-0.083978
-0.084076
-0.083607
-0.082348
-0.08173
-0.081776
-0.083134
-0.086152
-0.089887
-0.093777
-0.096934
-0.09831
-0.097862
-0.095756
-0.092379
-0.088767
-0.086494
-0.08519
-0.085964
-0.08778
-0.089974
-0.092257
-0.09305
-0.092257
-0.090971
-0.08822
-0.085262
-0.082961
-0.081597
-0.081666
-0.083509
-0.085569
-0.08841
-0.090252
-0.091219
-0.090256
-0.087746
-0.084991
-0.082001
-0.078834
-0.077229
-0.077491
-0.078945
-0.081081
-0.083309
-0.084617
-0.084925
-0.083893
-0.082035
-0.08033
-0.078566
-0.078306
-0.07929
-0.081457
-0.084509
-0.08826
-0.091341
-0.093982
-0.095203
-0.095737
-0.094972
-0.094183
-0.09311
-0.093031
-0.092832
-0.093493
-0.094346
-0.09557
-0.096113
-0.096188
-0.095416
-0.094382
-0.093555
-0.092659
-0.092491
-0.092303
-0.092244
-0.092056
-0.091304
-0.090195
-0.088622
-0.087193
-0.086082
-0.085801
-0.085876
-0.086697
-0.08757
-0.088618
-0.089421
-0.090172
-0.090167
-0.089927
-0.089242
-0.08856
-0.088044
-0.087603
-0.088215
-0.089493
-0.090597
-0.091936
-0.092689
-0.09282
-0.092676
-0.092402
-0.091896
-0.091592
-0.091592
-0.092351
-0.092416
-0.09262
-0.09164
-0.090156
-0.087677
-0.085042
-0.082788
-0.080471
-0.07961
-0.079247
-0.079592
-0.080136
-0.080244
-0.07965
-0.078263
-0.075644
-0.072761
-0.069818
-0.067298
-0.065924
-0.066652
-0.068756
-0.072387
-0.076385
-0.08046
-0.08379
-0.085913
-0.086642
-0.086546
-0.085759
-0.085505
-0.085762
-0.087763
-0.090883
-0.094188
-0.097765
-0.100142
-0.101466
-0.101987
-0.101509
-0.099925
-0.098848
-0.097698
-0.096996
-0.096914
-0.097001
-0.097351
-0.097891
-0.09792
-0.097623
-0.097036
-0.095872
-0.094595
-0.093382
-0.092291
-0.091531
-0.091229
-0.090546
-0.089668
-0.088332
-0.086804
-0.084609
-0.082697
-0.081394
-0.080199
-0.079555
-0.079336
-0.078534
-0.078327
-0.077369
-0.077014
-0.076465
-0.076706
-0.078055
-0.080336
-0.083612
-0.0876
-0.091378
-0.095109
-0.098082
-0.099852
-0.100309
-0.099573
-0.098695
-0.097676
-0.097511
-0.098247
-0.099298
-0.101352
-0.103003
-0.103616
-0.102906
-0.100822
-0.097172
-0.093249
-0.088886
-0.085261
-0.082655
-0.081947
-0.081481
-0.082006
-0.082386
-0.082623
-0.081436
-0.079862
-0.077943
-0.076661
-0.07578
-0.076961
-0.078605
-0.082092
-0.085724
-0.089293
-0.092248
-0.094141
-0.09421
-0.093622
-0.092068
-0.090099
-0.088673
-0.08748
-0.087458
-0.087849
-0.08837
-0.088744
-0.08807
-0.086876
-0.085113
-0.083632
-0.083363
-0.083121
-0.084896
-0.087273
-0.090055
-0.091776
-0.093175
-0.092629
-0.091414
-0.089386
-0.087149
-0.085819
-0.085068
-0.085604
-0.087145
-0.089501
-0.091929
-0.093924
-0.094971
-0.09468
-0.093337
-0.091222
-0.089253
-0.087821
-0.087098
-0.087241
-0.087873
-0.089013
-0.089629
-0.089521
-0.088531
-0.086909
-0.085378
-0.083555
-0.08285
-0.083017
-0.083926
-0.085211
-0.086565
-0.087033
-0.087127
-0.086478
-0.084635
-0.082787
-0.081222
-0.079891
-0.080249
-0.081053
-0.082754
-0.085087
-0.087556
-0.089672
-0.090969
-0.091486
-0.09179
-0.09144
-0.091829
-0.092301
-0.093239
-0.094615
-0.095741
-0.096752
-0.096735
-0.096588
-0.095825
-0.095081
-0.094107
-0.093303
-0.092568
-0.09194
-0.091068
-0.089115
-0.086684
-0.08307
-0.079325
-0.07508
-0.071716
-0.069858
-0.069187
-0.070724
-0.073437
-0.076812
-0.080501
-0.083812
-0.085897
-0.086423
-0.086236
-0.085387
-0.084843
-0.085176
-0.087503
-0.090672
-0.095575
-0.100309
-0.104575
-0.107094
-0.107889
-0.10622
-0.103556
-0.100591
-0.097615
-0.095707
-0.095063
-0.095198
-0.09583
-0.096079
-0.095937
-0.094186
-0.091072
-0.087638
-0.083133
-0.079339
-0.076256
-0.07398
-0.073363
-0.073611
-0.07535
-0.077121
-0.078956
-0.080686
-0.081491
-0.081569
-0.081211
-0.080913
-0.080311
-0.080765
-0.081504
-0.08342
-0.085646
-0.087936
-0.090228
-0.092319
-0.094105
-0.095049
-0.09547
-0.09554
-0.095179
-0.094474
-0.093829
-0.092419
-0.091698
-0.09066
-0.089946
-0.089308
-0.088668
-0.088185
-0.087347
-0.085615
-0.08359
-0.081158
-0.078419
-0.076235
-0.075718
-0.07592
-0.077522
-0.080192
-0.083562
-0.086502
-0.088978
-0.090189
-0.090022
-0.089078
-0.087139
-0.08524
-0.083654
-0.082558
-0.082663
-0.08356
-0.085414
-0.087704
-0.089719
-0.090991
-0.09144
-0.090417
-0.088389
-0.086416
-0.084341
-0.082954
-0.082788
-0.084186
-0.086245
-0.089322
-0.092447
-0.094662
-0.095689
-0.095566
-0.094304
-0.091875
-0.08917
-0.086667
-0.084681
-0.083284
-0.083055
-0.08322
-0.083806
-0.084584
-0.085062
-0.084918
-0.084951
-0.08447
-0.084162
-0.084587
-0.085038
-0.085835
-0.087407
-0.088554
-0.0899
-0.090373
-0.091431
-0.092391
-0.093811
-0.095411
-0.097595
-0.099841
-0.101367
-0.102154
-0.102405
-0.101647
-0.100273
-0.098468
-0.096918
-0.095463
-0.094371
-0.093841
-0.092866
-0.091849
-0.090403
-0.088224
-0.085354
-0.082111
-0.078519
-0.075467
-0.073349
-0.072506
-0.073592
-0.075505
-0.078018
-0.080714
-0.083336
-0.085046
-0.085654
-0.086131
-0.08604
-0.086516
-0.087347
-0.089332
-0.091994
-0.094638
-0.097028
-0.098408
-0.098458
-0.09728
-0.094929
-0.091935
-0.089427
-0.087267
-0.086039
-0.086217
-0.087276
-0.08851
-0.089477
-0.089744
-0.089358
-0.08796
-0.085798
-0.084253
-0.082543
-0.081956
-0.082192
-0.082868
-0.084068
-0.084913
-0.085558
-0.084565
-0.083198
-0.081636
-0.07951
-0.078198
-0.077939
-0.078469
-0.079771
-0.081218
-0.083003
-0.084264
-0.085263
-0.085715
-0.086004
-0.085988
-0.086234
-0.086267
-0.086691
-0.087353
-0.088573
-0.08979
-0.091287
-0.091997
-0.093292
-0.093961
-0.094841
-0.095726
-0.096801
-0.098596
-0.099987
-0.101193
-0.101562
-0.100951
-0.098677
-0.095713
-0.09223
-0.088782
-0.086132
-0.083878
-0.084091
-0.084558
-0.085998
-0.087823
-0.089198
-0.089925
-0.089587
-0.088835
-0.08791
-0.087167
-0.087322
-0.087982
-0.088888
-0.089828
-0.090592
-0.090593
-0.089053
-0.087091
-0.084319
-0.081926
-0.079673
-0.07923
-0.079863
-0.08161
-0.084235
-0.087316
-0.089515
-0.09099
-0.091499
-0.09068
-0.089376
-0.087926
-0.086931
-0.086544
-0.08704
-0.088123
-0.089394
-0.090346
-0.090594
-0.090153
-0.088908
-0.087149
-0.085662
-0.084463
-0.084123
-0.084379
-0.08467
-0.085321
-0.08568
-0.08514
-0.084438
-0.083517
-0.082479
-0.081817
-0.081653
-0.081573
-0.082283
-0.083045
-0.083674
-0.083887
-0.084079
-0.083495
-0.083281
-0.082867
-0.083541
-0.085071
-0.086938
-0.089115
-0.091331
-0.092932
-0.094159
-0.094467
-0.093971
-0.093374
-0.09276
-0.092051
-0.091907
-0.09248
-0.093353
-0.094484
-0.095499
-0.096072
-0.095996
-0.095217
-0.093305
-0.091234
-0.089224
-0.08757
-0.086832
-0.086909
-0.088183
-0.088988
-0.089408
-0.089305
-0.087447
-0.085093
-0.082278
-0.079891
-0.077718
-0.07708
-0.077575
-0.079053
-0.080982
-0.083482
-0.086054
-0.088366
-0.090604
-0.092768
-0.0947
-0.096284
-0.098149
-0.099606
-0.100758
-0.100964
-0.100499
-0.098962
-0.096692
-0.093569
-0.089733
-0.085972
-0.083047
-0.080337
-0.078513
-0.07709
-0.076052
-0.074937
-0.073679
-0.072472
-0.07066
-0.069861
-0.069684
-0.069826
-0.071214
-0.072934
-0.075374
-0.077883
-0.080103
-0.082206
-0.083546
-0.084486
-0.085469
-0.085852
-0.087101
-0.088805
-0.090947
-0.092912
-0.094854
-0.09605
-0.096881
-0.096923
-0.096678
-0.09615
-0.095629
-0.095691
-0.095935
-0.096428
-0.096669
-0.096692
-0.09617
-0.094762
-0.092821
-0.090832
-0.089351
-0.08883
-0.088734
-0.090472
-0.091733
-0.093768
-0.094885
-0.094915
-0.094086
-0.092168
-0.088914
-0.085269
-0.081856
-0.079563
-0.078252
-0.078714
-0.080063
-0.081905
-0.084506
-0.086092
-0.087538
-0.08857
-0.088828
-0.089447
-0.090712
-0.092365
-0.095262
-0.097975
-0.100462
-0.102687
-0.104056
-0.104483
-0.104011
-0.103512
-0.102336
-0.101063
-0.0996
-0.097996
-0.096237
-0.09388
-0.091434
-0.088537
-0.086033
-0.083047
-0.081378
-0.080222
-0.079994
-0.080706
-0.081504
-0.082494
-0.082829
-0.082552
-0.081309
-0.079131
-0.076786
-0.074911
-0.073964
-0.075126
-0.077046
-0.080396
-0.084231
-0.087225
-0.089084
-0.08869
-0.087194
-0.084536
-0.082569
-0.081121
-0.081683
-0.082263
-0.084453
-0.086132
-0.087419
-0.087458
-0.085866
-0.083506
-0.080608
-0.077922
-0.075923
-0.07589
-0.07737
-0.080645
-0.08523
-0.090262
-0.095301
-0.098815
-0.101106
-0.10171
-0.101419
-0.100745
-0.100681
-0.100787
-0.101167
-0.102222
-0.102734
-0.102183
-0.10025
-0.097766
-0.093605
-0.0893
-0.085057
-0.08139
-0.078459
-0.076711
-0.076047
-0.076
-0.076168
-0.076461
-0.076522
-0.075872
-0.075779
-0.075903
-0.077411
-0.079768
-0.082469
-0.085815
-0.088855
-0.091328
-0.092625
-0.092998
-0.092651
-0.092353
-0.092442
-0.09337
-0.095333
-0.09847
-0.101672
-0.104608
-0.106262
-0.107051
-0.105427
-0.102435
-0.098671
-0.09516
-0.092141
-0.091149
-0.090804
-0.091653
-0.092645
-0.093561
-0.093146
-0.092434
-0.090523
-0.088279
-0.086561
-0.084644
-0.083056
-0.083109
-0.082979
-0.083351
-0.083453
-0.082649
-0.081133
-0.078806
-0.075835
-0.07292
-0.070977
-0.069852
-0.070251
-0.071768
-0.074202
-0.077772
-0.080692
-0.083048
-0.085455
-0.086482
-0.087093
-0.087579
-0.088291
-0.089269
-0.090501
-0.092275
-0.093895
-0.095379
-0.096226
-0.096721
-0.096601
-0.096054
-0.095358
-0.094482
-0.094136
-0.093327
-0.093692
-0.092944
-0.092113
-0.090699
-0.089135
-0.087034
-0.084799
-0.082574
-0.08045
-0.078491
-0.077153
-0.076141
-0.076031
-0.075733
-0.075859
-0.076416
-0.077114
-0.07822
-0.079608
-0.081199
-0.082595
-0.084087
-0.084877
-0.085475
-0.086117
-0.086676
-0.087854
-0.08868
-0.090408
-0.092596
-0.093941
-0.095427
-0.096322
-0.09672
-0.096631
-0.095611
-0.094664
-0.093649
-0.09275
-0.092249
-0.092712
-0.093308
-0.09412
-0.093988
-0.092878
-0.090351
-0.087264
-0.083407
-0.079823
-0.077643
-0.076303
-0.076526
-0.078159
-0.08031
-0.082845
-0.085284
-0.086943
-0.088062
-0.088663
-0.088705
-0.088865
-0.08946
-0.090466
-0.092171
-0.093922
-0.094429
-0.094734
-0.093454
-0.091108
-0.088303
-0.085211
-0.082651
-0.080737
-0.079372
-0.08009
-0.080832
-0.082267
-0.083454
-0.084643
-0.08476
-0.084322
-0.08348
-0.082904
-0.082445
-0.083114
-0.08477
-0.087371
-0.09054
-0.093469
-0.095197
-0.096005
-0.095555
-0.094236
-0.092948
-0.091469
-0.091244
-0.092152
-0.094082
-0.096389
-0.099054
-0.100769
-0.100824
-0.099893
-0.09742
-0.093747
-0.090363
-0.087021
-0.084643
-0.083451
