0.0
-0.005403
-0.020601
-0.043495
-0.067935
-0.091773
-0.110406
-0.122859
-0.1282
-0.128517
-0.125214
-0.121177
-0.118488
-0.118977
-0.123186
-0.130015
-0.138452
-0.146471
-0.152763
-0.15603
-0.155837
-0.152167
-0.14679
-0.140466
-0.135573
-0.132009
-0.131087
-0.131669
-0.133492
-0.135173
-0.136725
-0.136803
-0.136409
-0.134738
-0.132972
-0.130697
-0.127832
-0.123907
-0.119156
-0.113971
-0.108305
-0.102396
-0.097616
-0.093144
-0.09052
-0.089335
-0.089736
-0.091597
-0.094595
-0.099078
-0.104117
-0.109812
-0.115254
-0.12077
-0.126519
-0.131436
-0.13593
-0.139409
-0.142115
-0.142979
-0.142275
-0.139697
-0.136061
-0.131704
-0.126545
-0.1213
-0.117226
-0.114232
-0.112283
-0.111628
-0.11132
-0.112391
-0.113567
-0.114116
-0.114861
-0.115209
-0.115293
-0.115533
-0.116089
-0.116618
-0.117261
-0.116354
-0.114718
-0.111879
-0.108034
-0.104258
-0.100517
-0.098645
-0.098837
-0.100612
-0.104344
-0.10963
-0.114931
-0.119799
-0.123264
-0.125279
-0.125697
-0.124354
-0.122336
-0.120572
-0.119105
-0.119368
-0.120685
-0.122727
-0.124808
-0.126366
-0.126495
-0.125553
-0.12303
-0.119989
-0.116346
-0.112402
-0.10876
-0.105245
-0.101926
-0.099948
-0.097955
-0.097589
-0.098758
-0.101893
-0.10744
-0.113684
-0.121375
-0.12897
-0.135626
-0.139938
-0.141137
-0.139541
-0.134592
-0.127582
-0.119373
-0.111426
-0.104727
-0.100796
-0.099473
-0.101454
-0.106051
-0.111799
-0.117066
-0.120701
-0.122711
-0.122278
-0.119612
-0.115741
-0.111763
-0.108651
-0.10662
-0.106154
-0.107061
-0.108306
-0.109788
-0.109871
-0.109604
-0.108147
-0.107302
-0.106198
-0.106675
-0.108489
-0.112281
-0.116879
-0.121487
-0.125873
-0.128965
-0.130803
-0.131864
-0.132014
-0.132632
-0.133454
-0.135886
-0.13887
-0.142796
-0.146171
-0.148032
-0.148054
-0.145471
-0.140907
-0.134286
-0.126878
-0.118985
-0.112175
-0.106417
-0.103192
-0.10208
-0.103451
-0.106292
-0.109925
-0.113827
-0.116378
-0.117988
-0.117489
-0.115718
-0.113039
-0.109937
-0.106825
-0.10447
-0.10258
-0.101318
-0.100415
-0.099843
-0.09928
-0.098766
-0.098141
-0.097908
-0.098004
-0.098719
-0.10023
-0.102406
-0.105327
-0.108954
-0.11301
-0.117092
-0.121349
-0.124684
-0.128253
-0.130343
-0.132185
-0.133179
-0.133006
-0.132386
-0.130626
-0.128709
-0.126022
-0.123835
-0.122597
-0.121876
-0.122211
-0.123554
-0.124214
-0.124638
-0.124021
-0.122054
-0.119216
-0.116132
-0.113426
-0.112493
-0.113343
-0.11544
-0.118855
-0.123522
-0.127766
-0.131395
-0.133484
-0.133267
-0.130776
-0.126146
-0.118984
-0.111411
-0.103823
-0.096884
-0.091889
-0.089643
-0.089853
-0.092545
-0.097134
-0.103122
-0.109648
-0.115657
-0.120807
-0.124007
-0.12519
-0.125181
-0.123025
-0.120392
-0.117644
-0.115612
-0.114357
-0.1143
-0.11539
-0.117825
-0.120637
-0.123642
-0.125866
-0.126588
-0.126321
-0.124466
-0.120952
-0.117251
-0.112426
-0.108479
-0.105376
-0.103744
-0.103901
-0.105359
-0.107897
-0.111586
-0.114269
-0.116076
-0.116186
-0.114956
-0.111705
-0.107884
-0.10369
-0.100127
-0.097953
-0.097452
-0.097592
-0.10006
-0.103243
-0.106555
-0.110371
-0.114089
-0.117103
-0.119542
-0.120796
-0.122202
-0.123318
-0.124485
-0.125934
-0.128691
-0.131546
-0.134946
-0.138281
-0.140497
-0.141551
-0.140881
-0.13859
-0.134895
-0.130658
-0.126592
-0.123266
-0.120476
-0.1194
-0.120398
-0.122414
-0.125525
-0.128691
-0.130597
-0.131211
-0.129544
-0.126238
-0.120957
-0.115151
-0.108971
-0.104152
-0.100175
-0.097651
-0.096807
-0.097914
-0.100091
-0.102933
-0.106258
-0.109441
-0.111233
-0.111616
-0.109454
-0.105524
-0.100243
-0.094776
-0.090565
-0.088011
-0.088883
-0.093523
-0.099921
-0.108522
-0.117163
-0.125325
-0.131292
-0.135858
-0.137815
-0.137713
-0.136207
-0.132915
-0.129183
-0.125358
-0.122309
-0.119533
-0.118271
-0.118807
-0.120598
-0.123345
-0.126335
-0.129119
-0.131189
-0.13213
-0.131663
-0.129778
-0.127089
-0.123442
-0.119901
-0.116641
-0.113534
-0.111987
-0.110857
-0.1108
-0.111792
-0.112972
-0.11444
-0.115347
-0.11554
-0.114294
-0.111712
-0.108996
-0.105799
-0.102943
-0.101801
-0.100618
-0.101075
-0.103106
-0.105053
-0.10794
-0.110261
-0.112438
-0.114451
-0.115622
-0.11637
-0.117101
-0.118052
-0.118958
-0.119534
-0.120717
-0.121195
-0.121764
-0.12195
-0.122129
-0.122125
-0.122745
-0.123371
-0.123631
-0.124738
-0.12546
-0.126419
-0.127118
-0.127655
-0.127897
-0.127516
-0.126961
-0.125253
-0.12277
-0.119484
-0.11587
-0.112179
-0.108397
-0.105246
-0.102414
-0.099848
-0.097977
-0.096498
-0.096658
-0.098606
-0.101768
-0.107025
-0.113405
-0.120152
-0.126208
-0.131522
-0.134401
-0.135234
-0.133941
-0.131047
-0.127683
-0.12463
-0.12181
-0.120886
-0.120813
-0.122344
-0.12426
-0.126977
-0.128669
-0.129255
-0.128057
-0.125265
-0.12131
-0.116941
-0.112443
-0.108997
-0.106702
-0.10603
-0.106066
-0.107318
-0.108886
-0.109895
-0.111234
-0.111858
-0.111641
-0.111357
-0.109885
-0.108642
-0.106832
-0.106023
-0.104709
-0.103148
-0.10169
-0.099869
-0.097754
-0.095897
-0.095231
-0.095729
-0.098172
-0.103255
-0.1098
-0.117703
-0.126061
-0.133645
-0.139167
-0.142107
-0.141709
-0.138034
-0.1324
-0.125922
-0.12011
-0.115934
-0.113652
-0.113997
-0.116386
-0.119806
-0.123362
-0.126939
-0.129498
-0.131187
-0.131051
-0.130025
-0.127915
-0.125358
-0.123339
-0.121946
-0.121533
-0.121953
-0.123501
-0.126089
-0.128172
-0.129786
-0.130521
-0.129498
-0.12744
-0.123719
-0.119489
-0.114738
-0.110301
-0.106197
-0.103704
-0.102411
-0.102439
-0.10367
-0.105849
-0.108366
-0.110804
-0.112379
-0.112917
-0.112606
-0.111349
-0.109499
-0.106889
-0.104449
-0.102288
-0.100618
-0.09924
-0.098735
-0.098521
-0.098274
-0.09818
-0.097736
-0.097842
-0.097447
-0.0987
-0.100473
-0.103421
-0.107563
-0.11337
-0.119498
-0.126053
-0.132368
-0.13693
-0.140106
-0.140681
-0.138809
-0.135216
-0.130371
-0.125139
-0.120641
-0.116953
-0.114258
-0.112929
-0.112155
-0.11241
-0.112915
-0.114063
-0.115362
-0.116569
-0.117394
-0.117
-0.115528
-0.113123
-0.109916
-0.107049
-0.104113
-0.102079
-0.101327
-0.101492
-0.102596
-0.103882
-0.105669
-0.107513
-0.109102
-0.110789
-0.112544
-0.113946
-0.114939
-0.116193
-0.116799
-0.118038
-0.118731
-0.120746
-0.122935
-0.125648
-0.129602
-0.134006
-0.138254
-0.142043
-0.145064
-0.146819
-0.146709
-0.144593
-0.141098
-0.136584
-0.131352
-0.126175
-0.121359
-0.117151
-0.114337
-0.112524
-0.111788
-0.11168
-0.111802
-0.112622
-0.11322
-0.112731
-0.112103
-0.110263
-0.108037
-0.105609
-0.103195
-0.101417
-0.100744
-0.099831
-0.100313
-0.100771
-0.101377
-0.102162
-0.102739
-0.103622
-0.104412
-0.106462
-0.109394
-0.113139
-0.117452
-0.122148
-0.127532
-0.131827
-0.13537
-0.13765
-0.138977
-0.138759
-0.137879
-0.136173
-0.134219
-0.131872
-0.128667
-0.125411
-0.122278
-0.118487
-0.114735
-0.111637
-0.108322
-0.105553
-0.102614
-0.100023
-0.097727
-0.095815
-0.094215
-0.093563
-0.093673
-0.095436
-0.097752
-0.100745
-0.104325
-0.108012
-0.111196
-0.113266
-0.114539
-0.114364
-0.11292
-0.110825
-0.107743
-0.104007
-0.101102
-0.099034
-0.098516
-0.10041
-0.104549
-0.109997
-0.117479
-0.124885
-0.131346
-0.136164
-0.139055
-0.139955
-0.138537
-0.135317
-0.131069
-0.12728
-0.123681
-0.121271
-0.120141
-0.120299
-0.12136
-0.122894
-0.124668
-0.125918
-0.12605
-0.124872
-0.123115
-0.120028
-0.117109
-0.114875
-0.11349
-0.114232
-0.115308
-0.11799
-0.12091
-0.124417
-0.126766
-0.128007
-0.128311
-0.127227
-0.123612
-0.120387
-0.116427
-0.113165
-0.110695
-0.109966
-0.110018
-0.111004
-0.113025
-0.114546
-0.11595
-0.116709
-0.11691
-0.11662
-0.116193
-0.115862
-0.11606
-0.116622
-0.117608
-0.117965
-0.118136
-0.117392
-0.115417
-0.113659
-0.111553
-0.108912
-0.106523
-0.105153
-0.10389
-0.104047
-0.105897
-0.109034
-0.113611
-0.11871
-0.12456
-0.129994
-0.133927
-0.136911
-0.138045
-0.137144
-0.135739
-0.132963
-0.129055
-0.124602
-0.119948
-0.115145
-0.110848
-0.107458
-0.105511
-0.104114
-0.103129
-0.10231
-0.1018
-0.100356
-0.098287
-0.09673
-0.095568
-0.094575
-0.094275
-0.095011
-0.097578
-0.100855
-0.104912
-0.109207
-0.113951
-0.118117
-0.121092
-0.122725
-0.123707
-0.123665
-0.123016
-0.122263
-0.122443
-0.123024
-0.124123
-0.125896
-0.127687
-0.129473
-0.131005
-0.132214
-0.132914
-0.133517
-0.134235
-0.135246
-0.135135
-0.13455
-0.132586
-0.129173
-0.125051
-0.119722
-0.113669
-0.107798
-0.102435
-0.098456
-0.09563
-0.093996
-0.093364
-0.093515
-0.094875
-0.096258
-0.097945
-0.100181
-0.102433
-0.104896
-0.107149
-0.109799
-0.11222
-0.113618
-0.114364
-0.114569
-0.113587
-0.112854
-0.111986
-0.111316
-0.112101
-0.113237
-0.11593
-0.119303
-0.122687
-0.125674
-0.128061
-0.129382
-0.129533
-0.128775
-0.127499
-0.126183
-0.125282
-0.124958
-0.12572
-0.127574
-0.129467
-0.132004
-0.133062
-0.133132
-0.131725
-0.128782
-0.124978
-0.120622
-0.116644
-0.112748
-0.109967
-0.107533
-0.105853
-0.105064
-0.105028
-0.105147
-0.105669
-0.10673
-0.108691
-0.110901
-0.113159
-0.115616
-0.117067
-0.11767
-0.117057
-0.115047
-0.112235
-0.108784
-0.106358
-0.104388
-0.104631
-0.105966
-0.108576
-0.111443
-0.114308
-0.115632
-0.116032
-0.115589
-0.114779
-0.114704
-0.115829
-0.118247
-0.121617
-0.125818
-0.129557
-0.132196
-0.133056
-0.132458
-0.130033
-0.126579
-0.122701
-0.119137
-0.116903
-0.115968
-0.116664
-0.118557
-0.120868
-0.123409
-0.125183
-0.125461
-0.124512
-0.121783
-0.117993
-0.114501
-0.1107
-0.10831
-0.106837
-0.105505
-0.105352
-0.105481
-0.10514
-0.104607
-0.104204
-0.103778
-0.104309
-0.105101
-0.106347
-0.106734
-0.106397
-0.104753
-0.102282
-0.099356
-0.098332
-0.098871
-0.102892
-0.109519
-0.118509
-0.128527
-0.13743
-0.144188
-0.147463
-0.146688
-0.142152
-0.13412
-0.125214
-0.116479
-0.10986
-0.106873
-0.107592
-0.111519
-0.117192
-0.123002
-0.126644
-0.12778
-0.125155
-0.120597
-0.114456
-0.108362
-0.104244
-0.102591
-0.103568
-0.106907
-0.11103
-0.114906
-0.116945
-0.116399
-0.113653
-0.10947
-0.105355
-0.102048
-0.10166
-0.103983
-0.108548
-0.114052
-0.118735
-0.12252
-0.124086
-0.124232
-0.123147
-0.121858
-0.121032
-0.121339
-0.123315
-0.125938
-0.129357
-0.132586
-0.135063
-0.136491
-0.136259
-0.134815
-0.132401
-0.129707
-0.127076
-0.125806
-0.125751
-0.126123
-0.12672
-0.126778
-0.125299
-0.122244
-0.117534
-0.113266
-0.109905
-0.107577
-0.10762
-0.109422
-0.111815
-0.114192
-0.115009
-0.114805
-0.112416
-0.109057
-0.105047
-0.101454
-0.099082
-0.098343
-0.098746
-0.100935
-0.10375
-0.107235
-0.110038
-0.112057
-0.113437
-0.1141
-0.114094
-0.114454
-0.11489
-0.115983
-0.117158
-0.118131
-0.118814
-0.118001
-0.116508
-0.114746
-0.113892
-0.113588
-0.11544
-0.118805
-0.122851
-0.126699
-0.129778
-0.130626
-0.129215
-0.126076
-0.121534
-0.117402
-0.113906
-0.112243
-0.11266
-0.114965
-0.118202
-0.121617
-0.123922
-0.125031
-0.124149
-0.121018
-0.116689
-0.111233
-0.105682
-0.101642
-0.0993
-0.098261
-0.098719
-0.09962
-0.100383
-0.100851
-0.100108
-0.099061
-0.098653
-0.098286
-0.099668
-0.102874
-0.107555
-0.113002
-0.11867
-0.122917
-0.126221
-0.128117
-0.129044
-0.130026
-0.131853
-0.13452
-0.137347
-0.140107
-0.14213
-0.14303
-0.141415
-0.138171
-0.133412
-0.128387
-0.122789
-0.11969
-0.117616
-0.117742
-0.11865
-0.119945
-0.120766
-0.120169
-0.117314
-0.11297
-0.108047
-0.103737
-0.100937
-0.100395
-0.101877
-0.104939
-0.10911
-0.112302
-0.113822
-0.113658
-0.110975
-0.107343
-0.103011
-0.09917
-0.097212
-0.097711
-0.100635
-0.104451
-0.109375
-0.113188
-0.115403
-0.115837
-0.114248
-0.11116
-0.108559
-0.106564
-0.106379
-0.10843
-0.111914
-0.115739
-0.119059
-0.120952
-0.121188
-0.119784
-0.117942
-0.115563
-0.113324
-0.112988
-0.113329
-0.115072
-0.11685
-0.119231
-0.120591
-0.122021
-0.122615
-0.122817
-0.123321
-0.124407
-0.125345
-0.127113
-0.12938
-0.130938
-0.131781
-0.130904
-0.128906
-0.125586
-0.121731
-0.117883
-0.115128
-0.1142
-0.115228
-0.117844
-0.12077
-0.123088
-0.123349
-0.120722
-0.115608
-0.108981
-0.102224
-0.096539
-0.094283
-0.094896
-0.098484
-0.104573
-0.110566
-0.115415
-0.11777
-0.117093
-0.114012
-0.109193
-0.104461
-0.101352
-0.101386
-0.10392
-0.109222
-0.116012
-0.122687
-0.128056
-0.130869
-0.130981
-0.12902
-0.125806
-0.122607
-0.121387
-0.122856
-0.12604
-0.131303
-0.136481
-0.140985
-0.142706
-0.141332
-0.137683
-0.131369
-0.123398
-0.116203
-0.109496
-0.10375
-0.100429
-0.098257
-0.09671
-0.095566
-0.094236
-0.092579
-0.091505
-0.091123
-0.091926
-0.093442
-0.096052
-0.099485
-0.102823
-0.105131
-0.107004
-0.10732
-0.107037
-0.106751
-0.107117
-0.108206
-0.110876
-0.115173
-0.120351
-0.126041
-0.130838
-0.133807
-0.135093
-0.134939
-0.133138
-0.130748
-0.128902
-0.128646
-0.128871
-0.13083
-0.133175
-0.135052
-0.135864
-0.134535
-0.130967
-0.125574
-0.119261
-0.112671
-0.10682
-0.102846
-0.100344
-0.09928
-0.099123
-0.099127
-0.099353
-0.098305
-0.097609
-0.096711
-0.096531
-0.097954
-0.100322
-0.104153
-0.10823
-0.112114
-0.115055
-0.116722
-0.116966
-0.11585
-0.114852
-0.114854
-0.116564
-0.120447
-0.125678
-0.13197
-0.137896
-0.141955
-0.143638
-0.142913
-0.140197
-0.136261
-0.133015
-0.130973
-0.13158
-0.134418
-0.138812
-0.143253
-0.146368
-0.147279
-0.14478
-0.138343
-0.129961
-0.119605
-0.109816
-0.102021
-0.096359
-0.093899
-0.094214
-0.096486
-0.099046
-0.101311
-0.102645
-0.102138
-0.10106
-0.099363
-0.097905
-0.097769
-0.098403
-0.100578
-0.103008
-0.10594
-0.108364
-0.11025
-0.11159
-0.112078
-0.112637
-0.112825
-0.113296
-0.113901
-0.114409
-0.114306
-0.113484
-0.111562
-0.108502
-0.105306
-0.102081
-0.099892
-0.100358
-0.102589
-0.107679
-0.114351
-0.122224
-0.129267
-0.134061
-0.136161
-0.134695
-0.130195
-0.124398
-0.118067
-0.113698
-0.111329
-0.111879
-0.114628
-0.117907
-0.121146
-0.12256
-0.12223
-0.11941
-0.115693
-0.11162
-0.108653
-0.107397
-0.10826
-0.110922
-0.114064
-0.117159
-0.119252
-0.120171
-0.119421
-0.117646
-0.115166
-0.112718
-0.110246
-0.108354
-0.107125
-0.106284
-0.106424
-0.10658
-0.106786
-0.107317
-0.108122
-0.109232
-0.111168
-0.113579
-0.116258
-0.119743
-0.122646
-0.125403
-0.127623
-0.128207
-0.127829
-0.126921
-0.125218
-0.123327
-0.121823
-0.121671
-0.122126
-0.123657
-0.125571
-0.127465
-0.128774
-0.129528
-0.129422
-0.12763
-0.125179
-0.122375
-0.120141
-0.11824
-0.116914
-0.115663
-0.11427
-0.112375
-0.11
-0.106826
-0.102781
-0.098668
-0.095264
-0.092594
-0.091218
-0.090565
-0.091439
-0.092482
-0.094537
-0.096425
-0.098902
-0.101394
-0.103847
-0.106369
-0.10934
-0.113176
-0.117739
-0.122884
-0.128441
-0.13366
-0.138019
-0.140586
-0.141465
-0.140788
-0.139409
-0.137629
-0.136515
-0.135883
-0.13552
-0.135341
-0.134681
-0.132823
-0.130742
-0.127921
-0.124439
-0.120949
-0.117155
-0.113322
-0.110048
-0.106648
-0.103602
-0.100296
-0.097518
-0.095815
-0.094263
-0.093994
-0.094661
-0.096188
-0.098526
-0.101322
-0.103521
-0.10524
-0.105588
-0.104936
-0.103927
-0.101788
-0.100859
-0.101285
-0.103141
-0.106562
-0.1111
-0.115764
-0.119986
-0.123589
-0.12508
-0.125706
-0.12458
-0.122951
-0.120333
-0.118102
-0.116411
-0.115129
-0.115157
-0.115871
-0.117772
-0.119646
-0.120901
-0.121503
-0.121103
-0.119386
-0.117867
-0.11634
-0.115956
-0.117448
-0.119132
-0.122239
-0.125414
-0.127537
-0.128085
-0.127062
-0.125182
-0.122592
-0.119925
-0.117773
-0.116552
-0.115845
-0.115532
-0.115188
-0.114455
-0.113254
-0.11143
-0.109881
-0.108724
-0.108464
-0.108869
-0.111239
-0.113507
-0.116101
-0.118376
-0.119579
-0.118615
-0.116507
-0.112242
-0.107979
-0.10341
-0.100346
-0.099261
-0.100614
-0.104048
-0.108743
-0.114145
-0.118463
-0.121496
-0.122466
-0.120886
-0.118334
-0.114966
-0.112413
-0.110997
-0.111475
-0.113829
-0.117997
-0.122426
-0.126885
-0.130493
-0.132402
-0.132286
-0.130901
-0.128468
-0.125324
-0.123338
-0.121798
-0.121936
-0.12362
-0.125907
-0.128293
-0.129898
-0.130144
-0.128465
-0.125788
-0.122041
-0.117411
-0.112923
-0.109185
-0.106021
-0.103578
-0.101358
-0.100207
-0.099291
-0.099739
-0.101014
-0.104013
-0.10873
-0.114354
-0.120303
-0.126394
-0.130701
-0.13333
-0.133878
-0.133059
-0.130496
-0.127455
-0.124054
-0.121347
-0.119952
-0.119375
-0.11965
-0.120451
-0.120597
-0.121053
-0.119858
-0.117802
-0.114355
-0.110184
-0.10639
-0.102529
-0.100131
-0.099015
-0.099051
-0.100054
-0.101415
-0.102467
-0.10236
-0.101466
-0.099582
-0.097183
-0.095082
-0.093163
-0.092294
-0.09268
-0.093717
-0.095774
-0.097633
-0.0995
-0.10139
-0.103658
-0.10666
-0.110203
-0.114508
-0.118889
-0.12338
-0.12626
-0.128451
-0.129142
-0.129133
-0.128453
-0.128433
-0.129665
-0.131654
-0.134685
-0.137467
-0.140277
-0.142202
-0.141863
-0.140193
-0.136437
-0.131645
-0.126185
-0.121597
-0.118704
-0.117577
-0.119317
-0.122151
-0.126026
-0.128657
-0.129748
-0.128252
-0.124755
-0.118782
-0.112389
-0.106386
-0.101625
-0.099309
-0.09959
-0.101898
-0.105189
-0.108026
-0.10967
-0.109402
-0.107378
-0.103596
-0.099818
-0.096716
-0.095481
-0.096024
-0.099531
-0.103352
-0.108205
-0.112483
-0.115384
-0.117355
-0.117602
-0.116915
-0.116845
-0.116793
-0.117264
-0.11833
-0.118988
-0.119151
-0.118723
-0.118555
-0.117767
-0.117253
-0.117854
-0.119838
-0.122943
-0.127207
-0.130841
-0.133956
-0.135405
-0.134179
-0.131609
-0.127344
-0.122165
-0.117429
-0.11336
-0.110519
-0.108661
-0.108064
-0.107308
-0.106533
-0.104943
-0.102773
-0.10028
-0.097562
-0.096655
-0.096735
-0.098465
-0.101896
-0.10626
-0.110538
-0.114284
-0.116723
-0.11736
-0.116486
-0.115138
-0.113097
-0.111433
-0.110644
-0.111834
-0.114169
-0.117324
-0.120954
-0.123935
-0.125991
-0.126969
-0.126301
-0.124252
-0.121341
-0.118911
-0.116709
-0.116199
-0.116315
-0.117062
-0.117755
-0.117423
-0.116919
-0.115475
-0.113561
-0.111468
-0.109716
-0.10806
-0.106511
-0.105042
-0.1039
-0.103471
-0.103275
-0.103298
-0.104282
-0.104896
-0.106618
-0.108621
-0.110986
-0.113412
-0.115895
-0.11749
-0.118595
-0.118839
-0.118715
-0.117923
-0.118051
-0.118657
-0.12001
-0.122295
-0.124974
-0.127489
-0.129173
-0.129266
-0.127488
-0.12443
-0.119799
-0.115532
-0.111923
-0.110892
-0.111566
-0.114268
-0.118686
-0.12347
-0.126922
-0.129366
-0.129084
-0.126886
-0.12362
-0.119928
-0.116918
-0.114178
-0.112946
-0.112642
-0.113446
-0.114986
-0.11668
-0.11769
-0.116384
-0.114651
-0.110954
-0.106746
-0.103364
-0.100755
-0.100277
-0.100893
-0.102098
-0.10295
-0.103072
-0.10232
-0.10086
-0.100158
-0.099983
-0.101514
-0.104615
-0.107817
-0.111623
-0.114337
-0.115962
-0.115114
-0.113584
-0.110161
-0.106373
-0.10276
-0.1006
-0.100858
-0.10307
-0.108459
-0.115359
-0.124069
-0.132282
-0.139564
-0.14429
-0.146769
-0.146519
-0.144118
-0.140309
-0.135896
-0.132278
-0.129616
-0.128453
-0.12908
-0.130213
-0.131708
-0.133018
-0.133793
-0.133569
-0.132359
-0.130607
-0.127658
-0.125058
-0.121281
-0.117065
-0.112858
-0.108719
-0.104771
-0.101835
-0.09925
-0.097591
-0.096486
-0.095758
-0.095229
-0.09492
-0.094866
-0.094886
-0.095701
-0.096512
-0.097488
-0.098631
-0.099808
-0.101884
-0.104709
-0.109026
-0.114385
-0.119651
-0.125125
-0.129272
-0.131824
-0.132363
-0.130654
-0.127687
-0.125352
-0.12341
-0.123444
-0.124378
-0.126494
-0.128717
-0.129369
-0.127963
-0.124492
-0.11931
-0.112962
-0.105963
-0.10023
-0.095263
-0.093013
-0.091854
-0.093285
-0.095982
-0.09957
-0.103876
-0.107267
-0.109718
-0.110586
-0.110124
-0.108571
-0.106763
-0.105543
-0.105609
-0.107129
-0.110417
-0.113634
-0.117258
-0.119937
-0.12095
-0.120787
-0.119709
-0.118167
-0.116967
-0.117312
-0.11895
-0.122185
-0.126107
-0.130202
-0.133509
-0.135467
-0.135787
-0.134351
-0.13181
-0.128623
-0.125439
-0.122451
-0.120493
-0.119968
-0.119968
-0.120269
-0.120949
-0.120685
-0.119334
-0.116834
-0.11336
-0.109979
-0.107035
-0.105227
-0.105085
-0.105529
-0.106957
-0.107776
-0.108717
-0.108766
-0.108279
-0.106914
-0.105882
-0.104506
-0.10319
-0.101944
-0.101451
-0.101481
-0.102664
-0.104252
-0.106894
-0.109859
-0.112562
-0.115656
-0.11767
-0.118971
-0.120257
-0.120889
-0.121885
-0.122887
-0.124184
-0.125149
-0.12619
-0.126659
-0.126192
-0.125345
-0.123838
-0.122488
-0.121435
-0.120572
-0.120446
-0.12116
-0.121919
-0.123037
-0.124295
-0.125473
-0.126344
-0.126264
-0.126158
-0.125507
-0.124364
-0.122988
-0.121446
-0.11968
-0.118478
-0.117678
-0.117325
-0.116753
-0.116101
-0.114165
-0.112654
-0.109032
-0.105106
-0.100223
-0.094723
-0.089164
-0.085495
-0.083127
-0.08253
-0.083759
-0.086742
-0.090678
-0.094839
-0.098635
-0.101037
-0.103213
-0.10356
-0.103603
-0.103225
-0.103455
-0.104112
-0.105792
-0.108016
-0.112299
-0.116926
-0.121652
-0.126026
-0.128301
-0.130492
-0.130724
-0.130092
-0.128494
-0.127121
-0.125881
-0.125393
-0.125415
-0.125737
-0.126759
-0.12805
-0.129103
-0.129794
-0.130428
-0.130363
-0.128841
-0.125728
-0.122131
-0.118354
-0.114126
-0.111064
-0.109003
-0.107705
-0.107045
-0.107206
-0.108011
-0.108979
-0.110082
-0.111052
-0.112236
-0.112743
-0.112812
-0.111772
-0.110266
-0.109717
-0.109612
-0.111493
-0.114762
-0.119124
-0.124043
-0.128174
-0.130362
-0.1304
-0.127435
-0.122434
-0.11638
-0.111219
-0.106655
-0.105369
-0.107005
-0.110712
-0.115886
-0.121641
-0.125935
-0.128928
-0.128908
-0.126855
-0.122746
-0.117134
-0.111506
-0.106444
-0.102759
-0.100433
-0.10034
-0.101116
-0.103084
-0.105587
-0.107499
-0.108611
-0.109286
-0.109796
-0.110188
-0.110433
-0.111199
-0.112229
-0.112625
-0.113217
-0.113644
-0.114247
-0.115323
-0.117182
-0.12028
-0.123864
-0.127653
-0.131256
-0.133654
-0.134864
-0.134097
-0.13169
-0.128587
-0.124137
-0.120541
-0.117071
-0.115327
-0.114792
-0.115626
-0.117141
-0.118911
-0.120725
-0.121612
-0.122047
-0.121294
-0.119741
-0.118792
-0.118217
-0.118437
-0.119931
-0.120624
-0.121778
-0.121252
-0.119564
-0.115519
-0.110814
-0.105138
-0.10067
-0.097954
-0.097187
-0.098958
-0.101957
-0.10563
-0.108842
-0.110218
-0.109447
-0.106919
-0.10305
-0.098285
-0.094341
-0.091579
-0.091115
-0.092881
-0.096421
-0.100967
-0.106448
-0.111355
-0.115138
-0.117407
-0.118485
-0.118424
-0.118239
-0.118273
-0.118413
-0.11939
-0.119843
-0.120188
-0.120101
-0.119895
-0.118894
-0.118299
-0.119562
-0.121691
-0.125565
-0.130747
-0.136696
-0.142005
-0.145624
-0.146764
-0.144212
-0.139194
-0.132367
-0.125241
-0.119682
-0.116632
-0.116205
-0.1184
-0.121168
-0.123817
-0.124486
-0.123208
-0.119222
-0.11454
-0.109441
-0.104695
-0.102128
-0.100363
-0.09986
-0.101258
-0.101868
-0.102727
-0.102188
-0.101453
-0.099027
-0.095908
-0.092721
-0.090295
-0.090231
-0.09241
-0.09645
-0.102334
-0.109051
-0.115023
-0.120138
-0.123489
-0.12585
-0.126915
-0.128505
-0.13045
-0.133547
-0.137411
-0.1411
-0.144089
-0.145436
-0.144036
-0.1402
-0.134382
-0.128476
-0.122407
-0.117331
-0.114136
-0.11211
-0.111678
-0.111389
-0.110363
-0.109054
-0.107692
-0.10524
-0.103637
-0.103203
-0.103694
-0.106537
-0.110526
-0.114403
-0.118028
-0.119767
-0.119125
-0.115415
-0.109568
-0.103918
-0.09844
-0.095146
-0.094238
-0.096348
-0.101481
-0.10721
-0.112864
-0.116939
-0.119137
-0.119089
-0.117855
-0.115812
-0.114043
-0.113658
-0.114289
-0.116073
-0.11793
-0.119913
-0.121068
-0.121204
-0.119917
-0.118255
-0.116332
-0.11508
-0.115322
-0.11639
-0.118387
-0.120028
-0.120506
-0.119945
-0.117306
-0.112978
-0.107964
-0.103527
-0.100362
-0.098965
-0.099593
-0.102089
-0.104945
-0.10744
-0.108151
-0.106646
-0.103421
-0.099968
-0.096101
-0.095075
-0.095202
-0.099561
-0.105582
-0.113107
-0.119936
-0.125342
-0.127439
-0.126755
-0.123569
-0.118587
-0.114355
-0.111815
-0.112426
-0.116641
-0.12385
-0.132039
-0.140523
-0.146879
-0.1502
-0.150052
-0.147027
-0.141953
-0.136329
-0.131229
-0.126961
-0.12479
-0.123682
-0.123358
-0.12389
-0.123741
-0.123037
-0.121343
-0.118816
-0.116397
-0.113307
-0.111125
-0.10946
-0.107558
-0.106019
-0.104333
-0.102003
-0.100355
-0.098636
-0.097665
-0.098391
-0.100494
-0.103207
-0.106474
-0.108288
-0.108996
-0.10791
-0.104668
-0.100227
-0.096838
-0.093626
-0.093237
-0.09533
-0.101401
-0.109147
-0.117894
-0.126362
-0.133964
-0.138461
-0.140294
-0.138273
-0.134507
-0.128884
-0.12339
-0.118272
-0.114985
-0.113176
-0.111987
-0.111772
-0.111896
-0.111891
-0.111164
-0.110202
-0.109211
-0.108559
-0.109235
-0.110527
-0.112465
-0.11493
-0.117302
-0.118619
-0.118046
-0.1166
-0.114064
-0.111762
-0.110148
-0.109403
-0.110411
-0.112643
-0.115239
-0.118532
-0.121314
-0.12404
-0.125698
-0.126722
-0.126583
-0.125955
-0.123923
-0.122552
-0.120165
-0.119062
-0.117296
-0.116306
-0.115164
-0.114468
-0.114625
-0.115053
-0.116339
-0.117675
-0.118272
-0.118237
-0.117066
-0.114613
-0.110806
-0.106512
-0.103179
-0.101518
-0.101472
-0.103918
-0.107958
-0.113369
-0.118699
-0.12216
-0.123417
-0.122544
-0.119871
-0.115614
-0.111986
-0.108431
-0.108559
-0.109697
-0.112664
-0.11609
-0.119515
-0.121524
-0.121556
-0.119734
-0.116432
-0.112778
-0.109021
-0.107092
-0.107066
-0.108291
-0.11185
-0.116069
-0.119308
-0.122354
-0.122581
-0.121167
-0.118318
-0.115297
-0.113008
-0.112188
-0.11354
-0.116389
-0.120292
-0.124369
-0.127731
-0.129218
-0.128234
-0.125151
-0.120267
-0.114703
-0.109625
-0.105585
-0.104365
-0.106
-0.109798
-0.115526
-0.121485
-0.126182
-0.129035
-0.129331
-0.128165
-0.125429
-0.123033
-0.120913
-0.118997
-0.117595
-0.115206
-0.112518
-0.108601
-0.103179
-0.097823
-0.091523
-0.086256
-0.082731
-0.08025
-0.080641
-0.082763
-0.086525
-0.091308
-0.09668
-0.101144
-0.104844
-0.107088
-0.108809
-0.109999
-0.111517
-0.113263
-0.115395
-0.117647
-0.120623
-0.124567
-0.128185
-0.132593
-0.137563
-0.14203
-0.146603
-0.150283
-0.152566
-0.153669
-0.152543
-0.149843
-0.145154
-0.138532
-0.131001
-0.123301
-0.116224
-0.110748
-0.107833
-0.106953
-0.108267
-0.111158
-0.114091
-0.115239
-0.114732
-0.111691
-0.106516
-0.101276
-0.095898
-0.092244
-0.091089
-0.092739
-0.097175
-0.102922
-0.108371
-0.112435
-0.113805
-0.112409
-0.108341
-0.102597
-0.096911
-0.092763
-0.091068
-0.093086
-0.097743
-0.103627
-0.110018
-0.115855
-0.119874
-0.1213
-0.120993
-0.119478
-0.117382
-0.116472
-0.116459
-0.117474
-0.120417
-0.122966
-0.125371
-0.126326
-0.125727
-0.123829
-0.120692
-0.117065
-0.11414
-0.111433
-0.11014
-0.109661
-0.109802
-0.109869
-0.109833
-0.10912
-0.108335
-0.108016
-0.107462
-0.108141
-0.109715
-0.112055
-0.114111
-0.116491
-0.117226
-0.116636
-0.114912
-0.111607
-0.107803
-0.105473
-0.1048
-0.106246
-0.109825
-0.116101
-0.122806
-0.128327
-0.132057
-0.132559
-0.1291
-0.123199
-0.115585
-0.107994
-0.102531
-0.099315
-0.100344
-0.103732
-0.109324
-0.115857
-0.121211
-0.125062
-0.126301
-0.126082
-0.123852
-0.122087
-0.120709
-0.121217
-0.122892
-0.125638
-0.128931
-0.130835
-0.130708
-0.127919
-0.123591
-0.118877
-0.113676
-0.111149
-0.110743
-0.112565
-0.115807
-0.119814
-0.12243
-0.122943
-0.120833
-0.116426
-0.10979
-0.10264
-0.096148
-0.090913
-0.087617
-0.087731
-0.089184
-0.093031
-0.097394
-0.102222
-0.106207
-0.108833
-0.111554
-0.112603
-0.114382
-0.11609
-0.119166
-0.122378
-0.126454
-0.130159
-0.133133
-0.135064
-0.136081
-0.136526
-0.136058
-0.135711
-0.134721
-0.134122
-0.133115
-0.132197
-0.130384
-0.127745
-0.124221
-0.119933
-0.115295
-0.111274
-0.108308
-0.106351
-0.106207
-0.106794
-0.107637
-0.108612
-0.108031
-0.105798
-0.101853
-0.096906
-0.092225
-0.087715
-0.084998
-0.084418
-0.085437
-0.087522
-0.090673
-0.093902
-0.096937
-0.0999
-0.102954
-0.105665
-0.109032
-0.112693
-0.117426
-0.122618
-0.127224
-0.13102
-0.133636
-0.134317
-0.132736
-0.130002
-0.126261
-0.123053
-0.121222
-0.121326
-0.122981
-0.126115
-0.129741
-0.132318
-0.133974
-0.133714
-0.132177
-0.129742
-0.126896
-0.124809
-0.123064
-0.121749
-0.120655
-0.118854
-0.116778
-0.11419
-0.110634
-0.107107
-0.10316
-0.099324
-0.096743
-0.095613
-0.096145
-0.098572
-0.101713
-0.105473
-0.109013
-0.112087
-0.113916
-0.114693
-0.114901
-0.115563
-0.116277
-0.117076
-0.118642
-0.120606
-0.122716
-0.124153
-0.125513
-0.126115
-0.126003
-0.124968
-0.122561
-0.119539
-0.116307
-0.113455
-0.110982
-0.10974
-0.109598
-0.110508
-0.111985
-0.114907
-0.117488
-0.120577
-0.123497
-0.125298
-0.126076
-0.126375
-0.12507
-0.123356
-0.121568
-0.120409
-0.119602
-0.118593
-0.118635
-0.118442
-0.118203
-0.117985
-0.117266
-0.116901
-0.115147
-0.112742
-0.1106
-0.108014
-0.105707
-0.104686
-0.10455
-0.105176
-0.106261
-0.107195
-0.108983
-0.109215
-0.109678
-0.109791
-0.110057
-0.110211
-0.110632
-0.111377
-0.112706
-0.11377
-0.115134
-0.115862
-0.11607
-0.114695
-0.113013
-0.111831
-0.111138
-0.110741
-0.111898
-0.113617
-0.115514
-0.116739
-0.117658
-0.116908
-0.116438
-0.115734
-0.115882
-0.116557
-0.119049
-0.12241
-0.125664
-0.128896
-0.131093
-0.132297
-0.131277
-0.128157
-0.123709
-0.117478
-0.110896
-0.10376
-0.098596
-0.094974
-0.093738
-0.094034
-0.095577
-0.097404
-0.098519
-0.098697
-0.097778
-0.096064
-0.093926
-0.092656
-0.091776
-0.093951
-0.096916
-0.101927
-0.10832
-0.114858
-0.120683
-0.124395
-0.126812
-0.127842
-0.127831
-0.128039
-0.129233
-0.130753
-0.13192
-0.132796
-0.132395
-0.130646
-0.128132
-0.126073
-0.124097
-0.122492
-0.122483
-0.124051
-0.126365
-0.128327
-0.129777
-0.129767
-0.128196
-0.12463
-0.1194
-0.113514
-0.108291
-0.104736
-0.103497
-0.10421
-0.107422
-0.111237
-0.114496
-0.117042
-0.118013
-0.117302
-0.115885
-0.113952
-0.112194
-0.111846
-0.112261
-0.1139
-0.116387
-0.118605
-0.120117
-0.120108
-0.118934
-0.114995
-0.11092
-0.106485
-0.103661
-0.103257
-0.105564
-0.110783
-0.116832
-0.123046
-0.127663
-0.12998
-0.130482
-0.128905
-0.125849
-0.122728
-0.119216
-0.117805
-0.117469
-0.11915
-0.122156
-0.125334
-0.127744
-0.127879
-0.125129
-0.119863
-0.113646
-0.106624
-0.100917
-0.097292
-0.096233
-0.096489
-0.097948
-0.099577
-0.100493
-0.101012
-0.100258
-0.099467
-0.098499
-0.098757
-0.099506
-0.10168
-0.104988
-0.108953
-0.112628
-0.115556
-0.116383
-0.1153
-0.112251
-0.108691
-0.105685
-0.104196
-0.105219
-0.109018
-0.114434
-0.120334
-0.126106
-0.130371
-0.133186
-0.134436
-0.134868
-0.134323
-0.133242
-0.132254
-0.13107
-0.129282
-0.127001
-0.123813
-0.119803
-0.114776
-0.109803
-0.104675
-0.10155
-0.099609
-0.09962
-0.102119
-0.105649
-0.109856
-0.113248
-0.115621
-0.115598
-0.11454
-0.112216
-0.108889
-0.107374
-0.107154
-0.10866
-0.111982
-0.115921
-0.119188
-0.121458
-0.122161
-0.120631
-0.117787
-0.114465
-0.111488
-0.109744
-0.110535
-0.11319
-0.116879
-0.120743
-0.123903
-0.125731
-0.126327
-0.12605
-0.126157
-0.127913
-0.130325
-0.133822
-0.137473
-0.13922
-0.139132
-0.13661
-0.131783
-0.125485
-0.117801
-0.111238
-0.105456
-0.101727
-0.099891
-0.099637
-0.100917
-0.10291
-0.105176
-0.107168
-0.108523
-0.109166
-0.108795
-0.108668
-0.108523
-0.10893
-0.109985
-0.111609
-0.112804
-0.11412
-0.114393
-0.113154
-0.11067
-0.108827
-0.106443
-0.104365
-0.103727
-0.103495
-0.104375
-0.105256
-0.105898
-0.10601
-0.10556
-0.104461
-0.103217
-0.102362
-0.102997
-0.10511
-0.109595
-0.114871
-0.120758
-0.125756
-0.128971
-0.130259
-0.128849
-0.126697
-0.124198
-0.12315
-0.122517
-0.123861
-0.125438
-0.127224
-0.128312
-0.127904
-0.125988
-0.123389
-0.11949
-0.11617
-0.113537
-0.112311
-0.112657
-0.114465
-0.117169
-0.119475
-0.120786
-0.120019
-0.116957
-0.111968
-0.106133
-0.100288
-0.096319
-0.09434
-0.094851
-0.097593
-0.100627
-0.104136
-0.106665
-0.107637
-0.107429
-0.106737
-0.105056
-0.103573
-0.103736
-0.105621
-0.108352
-0.11269
-0.116726
-0.120309
-0.122822
-0.123784
-0.123918
-0.123627
-0.123614
-0.124366
-0.126176
-0.128482
-0.131972
-0.134645
-0.136527
-0.137753
-0.137538
-0.135743
-0.133401
-0.130464
-0.12761
-0.124819
-0.121867
-0.119764
-0.117781
-0.11611
-0.113912
-0.111653
-0.107538
-0.104331
-0.099741
-0.095311
-0.091254
-0.087981
-0.085915
-0.0854
-0.08538
-0.086135
-0.087358
-0.089703
-0.092776
-0.096298
-0.100999
-0.106383
-0.112428
-0.117787
-0.121839
-0.1239
-0.124079
-0.12278
-0.120322
-0.118114
-0.116524
-0.117136
-0.118092
-0.120251
-0.123049
-0.12449
-0.124926
-0.124601
-0.123417
-0.120874
-0.117497
-0.115106
-0.113309
-0.112201
-0.112869
-0.114319
-0.116909
-0.119106
-0.121523
-0.122184
-0.121148
-0.119205
-0.116379
-0.113533
-0.111815
-0.110479
-0.109539
-0.108887
-0.109012
-0.108728
-0.108186
-0.107869
-0.108449
-0.108819
-0.109676
-0.111664
-0.114167
-0.11723
-0.120584
-0.123934
-0.125972
-0.126991
-0.12614
-0.124167
-0.121303
-0.119137
-0.116355
-0.115148
-0.114721
-0.115161
-0.116738
-0.117658
-0.11808
-0.11817
-0.117641
-0.117055
-0.116365
-0.116701
-0.117572
-0.118815
-0.120243
-0.120647
-0.1201
-0.118535
-0.115927
-0.111891
-0.10761
-0.104374
-0.102289
-0.1015
-0.101624
-0.102423
-0.103838
-0.105321
-0.106458
-0.106777
-0.10595
-0.104799
-0.10282
-0.101274
-0.100435
-0.101276
-0.103437
-0.106334
-0.110466
-0.114333
-0.117583
-0.119471
-0.120021
-0.11926
-0.118159
-0.116604
-0.115189
-0.114677
-0.114622
-0.115647
-0.116554
-0.117712
-0.118567
-0.118822
-0.118612
-0.118293
-0.118058
-0.118257
-0.120407
-0.123288
-0.12673
-0.130305
-0.132998
-0.133744
-0.132669
-0.13039
-0.127032
-0.122373
-0.118315
-0.115242
-0.112706
-0.111893
-0.111613
-0.112482
-0.112987
-0.111766
-0.109475
-0.105739
-0.100867
-0.096562
-0.092992
-0.090888
-0.090683
-0.092671
-0.095745
-0.099204
-0.102868
-0.105813
-0.108025
-0.10879
-0.10945
-0.110271
-0.111693
-0.114388
-0.118457
-0.123073
-0.127686
-0.131256
-0.132743
-0.132944
-0.131022
-0.129019
-0.12679
-0.126531
-0.126974
-0.129106
-0.131922
-0.135676
-0.138082
-0.139822
-0.139876
-0.13796
-0.134318
-0.128881
-0.123417
-0.11825
-0.114001
-0.111497
-0.109751
-0.108923
-0.10829
-0.107167
-0.105432
-0.103479
-0.101544
-0.100205
-0.099976
-0.100169
-0.100269
-0.100724
-0.099935
-0.098719
-0.097018
-0.09614
-0.095441
-0.096414
-0.099138
-0.102821
-0.107426
-0.112158
-0.116482
-0.119786
-0.121335
-0.121117
-0.119302
-0.116621
-0.114045
-0.113347
-0.114027
-0.11665
-0.120893
-0.124728
-0.12719
-0.127384
-0.125321
-0.121415
-0.1172
-0.113115
-0.111034
-0.111113
-0.113074
-0.116733
-0.120095
-0.123178
-0.124449
-0.123835
-0.12064
-0.11646
-0.11101
-0.105894
-0.10185
-0.099949
-0.100544
-0.102808
-0.106079
-0.109973
-0.11257
-0.113788
-0.113346
-0.111397
-0.109306
-0.10771
-0.107768
-0.109662
-0.11315
-0.116952
-0.119749
-0.120784
-0.119311
-0.115777
-0.110655
-0.105668
-0.101746
-0.099465
-0.100207
-0.102368
-0.10593
-0.109629
-0.11292
-0.114971
-0.115119
-0.114859
-0.113868
-0.113309
-0.114309
-0.115979
-0.11912
-0.123418
-0.127454
-0.129916
-0.131148
-0.130088
-0.127171
-0.122593
-0.117846
-0.114258
-0.111675
-0.111682
-0.113317
-0.116244
-0.119527
-0.122068
-0.123944
-0.123742
-0.122285
-0.120253
-0.117301
-0.11324
-0.110238
-0.106818
-0.1044
-0.101523
-0.099588
-0.09814
-0.096847
-0.09615
-0.095678
-0.096309
-0.096252
-0.097365
-0.098477
-0.100802
-0.103352
-0.106279
-0.110797
-0.114319
-0.118276
-0.121585
-0.124326
-0.126347
-0.127909
-0.128995
-0.129369
-0.129665
-0.129397
-0.128891
-0.128165
-0.127672
-0.127475
-0.127823
-0.13001
-0.132643
-0.136334
-0.138976
-0.141042
-0.141437
-0.139283
-0.135431
-0.130328
-0.124028
-0.117738
-0.113164
-0.108257
-0.104889
-0.101174
-0.098299
-0.094595
-0.090885
-0.086933
-0.084391
-0.082276
-0.081823
-0.083517
-0.08649
-0.090473
-0.094856
-0.099426
-0.10282
-0.106217
-0.108408
-0.110209
-0.112263
-0.114001
-0.116138
-0.117886
-0.119651
-0.121256
-0.121994
-0.122403
-0.122232
-0.121433
-0.121635
-0.121454
-0.121124
-0.120001
-0.119801
-0.119047
-0.117922
-0.116564
-0.114128
-0.111021
-0.107377
-0.103688
-0.100723
-0.099127
-0.100326
-0.103648
-0.108753
-0.114148
-0.119587
-0.122668
-0.12301
-0.120917
-0.116735
-0.111424
-0.107818
-0.105277
-0.105202
-0.106989
-0.110293
-0.114607
-0.117661
-0.11943
-0.119306
-0.117176
-0.114582
-0.11126
-0.109679
-0.110347
-0.112697
-0.117927
-0.124263
-0.130004
-0.13403
-0.136141
-0.135357
-0.132033
-0.12706
-0.12154
-0.11666
-0.112881
-0.11112
-0.111534
-0.112653
-0.114331
-0.116446
-0.117313
-0.117526
-0.117488
-0.116484
-0.11652
-0.116177
-0.116254
-0.116466
-0.117045
-0.118247
-0.119157
-0.12006
-0.120831
-0.120135
-0.118818
-0.116244
-0.113621
-0.110735
-0.108194
-0.106662
-0.105225
-0.104656
-0.10432
-0.103797
-0.10419
-0.105005
-0.107193
-0.109911
-0.113508
-0.117235
-0.119804
-0.121228
-0.121417
-0.121134
-0.11959
-0.118371
-0.118023
-0.118089
-0.118857
-0.120169
-0.120963
-0.121547
-0.121441
-0.121248
-0.119841
-0.118848
-0.118277
-0.118147
-0.118411
-0.119043
-0.119449
-0.119124
-0.118319
-0.115555
-0.111922
-0.107612
-0.103078
-0.099982
-0.098153
-0.098311
-0.10079
-0.103871
-0.107511
-0.109967
-0.111472
-0.110671
-0.10841
-0.104767
-0.1002
-0.094655
-0.090352
-0.087195
-0.08624
-0.086951
-0.090153
-0.094383
-0.100167
-0.105276
-0.109436
-0.111835
-0.112158
-0.111561
-0.110201
-0.110162
-0.111263
-0.113945
-0.1178
-0.122518
-0.125978
-0.128732
-0.130372
-0.130711
-0.129802
-0.128339
-0.126076
-0.123308
-0.121851
-0.121259
-0.122461
-0.124676
-0.128047
-0.130721
-0.133037
-0.133317
-0.132085
-0.128622
-0.123836
-0.119071
-0.113809
-0.109947
-0.107211
-0.106473
-0.107692
-0.110149
-0.113215
-0.115943
-0.11846
-0.118721
-0.117393
-0.114366
-0.110539
-0.106678
-0.103446
-0.102046
-0.101631
-0.103503
-0.106515
-0.110348
-0.114239
-0.116639
-0.117091
-0.115699
-0.112779
-0.108371
-0.103841
-0.101083
-0.100727
-0.103359
-0.107806
-0.113727
-0.120354
-0.125418
-0.1285
-0.128356
-0.126119
-0.121748
-0.115936
-0.110282
-0.105762
-0.102578
-0.101945
-0.10191
-0.103764
-0.104762
-0.106205
-0.107008
-0.106749
-0.10529
-0.104465
-0.10332
-0.103859
-0.105081
-0.107617
-0.110565
-0.114047
-0.116346
-0.118091
-0.117645
-0.115726
-0.112522
-0.108572
-0.10512
-0.103494
-0.104338
-0.107181
-0.111017
-0.116558
-0.121431
-0.124639
-0.126605
-0.127032
-0.126935
-0.126081
-0.125829
-0.125911
-0.126052
-0.125701
-0.124974
-0.124101
-0.12269
-0.121183
-0.119996
-0.118933
-0.118125
-0.117134
-0.116242
-0.11494
-0.113431
-0.111855
-0.109571
-0.107084
-0.104351
-0.101221
-0.097778
-0.095721
-0.093348
-0.093095
-0.093803
-0.095667
-0.09793
-0.1005
-0.102817
-0.103968
-0.10371
-0.103497
-0.102943
-0.103151
-0.104634
-0.106798
-0.110402
-0.114592
-0.119386
-0.124226
-0.128186
-0.130846
-0.131735
-0.131004
-0.129189
-0.126533
-0.124142
-0.121858
-0.120827
-0.120458
-0.12127
-0.121203
-0.122535
-0.122658
-0.123268
-0.123346
-0.123843
-0.123748
-0.123809
-0.123574
-0.122663
-0.12085
-0.118911
-0.11652
-0.114112
-0.112014
-0.110664
-0.109479
-0.109049
-0.108025
-0.106124
-0.103747
-0.10083
-0.098438
-0.095639
-0.094508
-0.094792
-0.096069
-0.098815
-0.102092
-0.105897
-0.10924
-0.111888
-0.113167
-0.112806
-0.111243
-0.109509
-0.107156
-0.105751
-0.106355
-0.107693
-0.110374
-0.113241
-0.116225
-0.11767
-0.118013
-0.117479
-0.116817
-0.116978
-0.118057
-0.120486
-0.124175
-0.128171
-0.13119
-0.13336
-0.133601
-0.131997
-0.128934
-0.124656
-0.120364
-0.1167
-0.114688
-0.113874
-0.115113
-0.116873
-0.118794
-0.120537
-0.120672
-0.119313
-0.116988
-0.114089
-0.111709
-0.110052
-0.109538
-0.110648
-0.112396
-0.114402
-0.116485
-0.117252
-0.117029
-0.114975
-0.112634
-0.109857
-0.107011
-0.105793
-0.104894
-0.105116
-0.106103
-0.106578
-0.106826
-0.106649
-0.106556
-0.106138
-0.106033
-0.106693
-0.108289
-0.110428
-0.113585
-0.117018
-0.119889
-0.123115
-0.125529
-0.12666
-0.127297
-0.126973
-0.125591
-0.123716
-0.1219
-0.120128
-0.118839
-0.117392
-0.1159
-0.114412
-0.111722
-0.109358
-0.10695
-0.10455
-0.103246
-0.10265
-0.102362
-0.102798
-0.103572
-0.103739
-0.103435
-0.102178
-0.100334
-0.098414
-0.096688
-0.0959
-0.095437
-0.096678
-0.098685
-0.10178
-0.10456
-0.106891
-0.107985
-0.108616
-0.108199
-0.108057
-0.10839
-0.109765
-0.112982
-0.11816
-0.124082
-0.13075
-0.136901
-0.141673
-0.144604
-0.144492
-0.142185
-0.139147
-0.135164
-0.132039
-0.130123
-0.129154
-0.128673
-0.129132
-0.128626
-0.127406
-0.125223
-0.121974
-0.117766
-0.112846
-0.107511
-0.103579
-0.099526
-0.096603
-0.094903
-0.095357
-0.096789
-0.099942
-0.102739
-0.105861
-0.107714
-0.108527
-0.107781
-0.106154
-0.103282
-0.09972
-0.096426
-0.093546
-0.093007
-0.094066
-0.09716
-0.102212
-0.109008
-0.115336
-0.120687
-0.123436
-0.123638
-0.12192
-0.118338
-0.115061
-0.112806
-0.112013
-0.113907
-0.117653
-0.121756
-0.126162
-0.128886
-0.130639
-0.129756
-0.128058
-0.125378
-0.122279
-0.119986
-0.118433
-0.118377
-0.118694
-0.119965
-0.12102
-0.12136
-0.12079
-0.118389
-0.114588
-0.110912
-0.106924
-0.103826
-0.10265
-0.103295
-0.105686
-0.108661
-0.111006
-0.111822
-0.112186
-0.111127
-0.110299
-0.109225
-0.109437
-0.110273
-0.111841
-0.113697
-0.114572
-0.113981
-0.112277
-0.109849
-0.107217
-0.105864
-0.105042
-0.105452
-0.107216
-0.109248
-0.111649
-0.113701
-0.115177
-0.115858
-0.115743
-0.115211
-0.115079
-0.114428
-0.114311
-0.114972
-0.116808
-0.117938
-0.118842
-0.1182
-0.117484
-0.115295
-0.113199
-0.111375
-0.110273
-0.110763
-0.112851
-0.115887
-0.118919
-0.121105
-0.122012
-0.120881
-0.11731
-0.112801
-0.107903
-0.103072
-0.100426
-0.09937
-0.100417
-0.102691
-0.106126
-0.108609
-0.110252
-0.110566
-0.109418
-0.107034
-0.105088
-0.103265
-0.103
-0.105181
-0.108492
-0.11338
-0.118479
-0.123072
-0.126754
-0.128309
-0.128511
-0.126757
-0.124817
-0.12266
-0.121716
-0.1217
-0.123538
-0.126324
-0.129478
-0.131941
-0.133458
-0.133562
-0.132317
-0.13007
-0.1275
-0.124661
-0.121832
-0.119151
-0.116453
-0.113354
-0.109239
-0.105385
-0.100584
-0.096665
-0.092722
-0.089883
-0.088324
-0.087828
-0.087921
-0.089237
-0.091436
-0.094005
-0.096582
-0.099557
-0.102216
-0.105482
-0.10872
-0.112728
-0.117113
-0.121687
-0.126732
-0.130242
-0.132944
-0.134309
-0.13385
-0.131774
-0.130018
-0.128355
-0.127044
-0.126593
-0.126902
-0.127468
-0.12835
-0.128502
-0.128557
-0.128775
-0.129137
-0.129876
-0.130106
-0.131193
-0.132311
-0.133024
-0.132951
-0.131503
-0.129284
-0.125536
-0.121058
-0.115383
-0.10953
-0.104162
-0.099753
-0.09731
-0.096305
-0.09645
-0.09715
-0.098039
-0.098998
-0.097958
-0.096637
-0.094656
-0.092471
-0.090885
-0.090165
-0.090968
-0.092615
-0.096035
-0.099387
-0.103275
-0.105719
-0.10811
-0.109696
-0.110892
-0.111947
-0.113113
-0.113965
-0.114341
-0.114095
-0.113403
-0.111645
-0.110179
-0.10865
-0.107402
-0.107527
-0.109196
-0.112281
-0.11625
-0.121806
-0.12623
-0.130641
-0.132856
-0.133537
-0.131799
-0.128662
-0.124176
-0.120743
-0.117604
-0.117261
-0.117899
-0.119377
-0.121471
-0.122986
-0.122888
-0.12155
-0.11915
-0.115595
-0.112778
-0.110025
-0.109299
-0.109144
-0.11014
-0.110792
-0.111044
-0.110994
-0.10975
-0.108047
-0.105828
-0.103949
-0.103277
-0.10335
-0.104284
-0.107229
-0.109954
-0.11297
-0.115705
-0.118138
-0.120023
-0.121291
-0.121845
-0.122678
-0.123283
-0.123258
-0.122555
-0.121002
-0.118675
-0.116359
-0.114434
-0.112806
-0.112701
-0.114267
-0.117188
-0.1209
-0.124458
-0.12824
-0.130092
-0.130206
-0.128565
-0.124886
-0.119856
-0.115125
-0.110721
-0.107695
-0.106538
-0.107203
-0.109307
-0.111697
-0.113456
-0.113859
-0.112238
-0.109107
-0.104587
-0.099869
-0.097058
-0.096236
-0.097776
-0.100846
-0.104965
-0.1084
-0.110542
-0.110417
-0.108881
-0.106481
-0.104518
-0.103798
-0.104318
-0.107733
-0.112869
-0.118514
-0.124083
-0.127726
-0.129714
-0.128942
-0.125977
-0.121039
-0.115463
-0.110666
-0.106953
-0.105521
-0.106779
-0.110243
-0.114729
-0.118736
-0.121931
-0.121718
-0.119068
-0.113783
-0.107453
-0.101008
-0.095143
-0.09212
-0.091379
-0.092104
-0.094801
-0.098001
-0.101275
-0.104542
-0.106539
-0.108122
-0.1097
-0.110785
-0.112609
-0.114524
-0.116172
-0.117398
-0.117972
-0.1176
-0.116409
-0.115097
-0.113782
-0.11323
-0.113251
-0.113367
-0.114196
-0.115683
-0.117698
-0.119638
-0.12167
-0.12333
-0.125111
-0.126135
-0.126816
-0.127069
-0.126193
-0.125568
-0.124288
-0.122531
-0.121078
-0.119373
-0.117577
-0.115751
-0.11451
-0.114914
-0.116
-0.118756
-0.122496
-0.12597
-0.128191
-0.12873
-0.126358
-0.121793
-0.115234
-0.108583
-0.102998
-0.098788
-0.097008
-0.097623
-0.099926
-0.103321
-0.10663
-0.109104
-0.109986
-0.108231
-0.104941
-0.101608
-0.099348
-0.097309
-0.098714
-0.101798
-0.107052
-0.113025
-0.119259
-0.124256
-0.127041
-0.127864
-0.127122
-0.12562
-0.123751
-0.122954
-0.121642
-0.121944
-0.121876
-0.121382
-0.119648
-0.117196
-0.114206
-0.110693
-0.108146
-0.105817
-0.10505
-0.104182
-0.103904
-0.104537
-0.104919
-0.105275
-0.105041
-0.104917
-0.104046
-0.10471
-0.105496
-0.107138
-0.109789
-0.113019
-0.11521
-0.116279
-0.115924
-0.115023
-0.112736
-0.110841
-0.109596
-0.109644
-0.110932
-0.113808
-0.117238
-0.119729
-0.12199
-0.122551
-0.121799
-0.120391
-0.119173
-0.118748
-0.119902
-0.122945
-0.126502
-0.130385
-0.13265
-0.13278
-0.130231
-0.125508
-0.118708
-0.111885
-0.105517
-0.101448
-0.100564
-0.102466
-0.107043
-0.11294
-0.118262
-0.122114
-0.122966
-0.120924
-0.117162
-0.11201
-0.10729
-0.103733
-0.103092
-0.104219
-0.106808
-0.110039
-0.112432
-0.112783
-0.111592
-0.108074
-0.10385
-0.099302
-0.096172
-0.094228
-0.095639
-0.099479
-0.104831
-0.110906
-0.11602
-0.118841
-0.119731
-0.11898
-0.116143
-0.11389
-0.111649
-0.111255
-0.111307
-0.113206
-0.115132
-0.116568
-0.117287
-0.117516
-0.117598
-0.117494
-0.117627
-0.118532
-0.119723
-0.121409
-0.123094
-0.123581
-0.124124
-0.123817
-0.122957
-0.122606
-0.122097
-0.122979
-0.123431
-0.124779
-0.125613
-0.125493
-0.124256
-0.121475
-0.117464
-0.112934
-0.107808
-0.103358
-0.100362
-0.097979
-0.097548
-0.098035
-0.099062
-0.100533
-0.102093
-0.102566
-0.101427
-0.100787
-0.099207
-0.098244
-0.098538
-0.100324
-0.102393
-0.105584
-0.108692
-0.111064
-0.113044
-0.115
-0.116838
-0.119385
-0.121975
-0.124412
-0.127312
-0.129508
-0.131505
-0.132282
-0.13257
-0.131543
-0.129679
-0.127467
-0.12549
-0.123991
-0.12314
-0.123021
-0.12389
-0.124553
-0.124777
-0.124026
-0.122453
-0.119097
-0.115483
-0.111048
-0.10762
-0.104556
-0.102552
-0.101251
-0.099635
-0.09811
-0.096384
-0.094403
-0.092314
-0.090557
-0.089336
-0.08924
-0.090099
-0.092741
-0.096537
-0.100824
-0.105606
-0.10939
-0.112855
-0.114699
-0.115658
-0.115838
-0.115904
-0.116403
-0.118029
-0.120542
-0.123792
-0.127646
-0.131013
-0.133546
-0.13456
-0.134721
-0.133083
-0.130979
-0.128791
-0.127283
-0.126239
-0.125463
-0.125149
-0.123619
-0.120722
-0.115927
-0.10951
-0.102465
-0.096056
-0.091362
-0.088781
-0.08894
-0.090724
-0.094507
-0.098766
-0.102572
-0.104842
-0.10606
-0.10625
-0.105619
-0.104373
-0.103599
-0.103599
-0.104978
-0.107483
-0.110874
-0.114904
-0.118372
-0.12088
-0.122085
-0.122464
-0.121727
-0.121632
-0.121554
-0.122298
-0.123318
-0.124408
-0.124913
-0.125527
-0.124887
-0.123972
-0.122182
-0.121275
-0.121803
-0.123132
-0.126087
-0.128828
-0.131808
-0.133402
-0.133449
-0.131014
-0.126447
-0.120565
-0.113179
-0.106562
-0.100414
-0.096625
-0.095238
-0.095941
-0.097986
-0.101702
-0.104438
-0.106482
-0.10695
-0.10656
-0.105415
-0.104427
-0.103771
-0.104388
-0.106122
-0.107888
-0.110001
-0.111266
-0.111707
-0.11145
-0.110533
-0.109177
-0.108823
-0.108611
-0.109413
-0.111241
-0.113502
-0.115876
-0.117986
-0.120174
-0.121209
-0.121825
-0.121567
-0.120592
-0.11985
-0.119128
-0.118945
-0.120243
-0.122134
-0.125643
-0.12905
-0.131707
-0.132968
-0.132849
-0.131369
-0.129201
-0.127
-0.1244
-0.122803
-0.120882
-0.118568
-0.117266
-0.114695
-0.113141
-0.111936
-0.11159
-0.112325
-0.113309
-0.114588
-0.115176
-0.114307
-0.112955
-0.109655
-0.105476
-0.101404
-0.0982
-0.095688
-0.095003
-0.095596
-0.096907
-0.098147
-0.099703
-0.100258
-0.09987
-0.099087
-0.097872
-0.097521
-0.098057
-0.10022
-0.104626
-0.110066
-0.116952
-0.123827
-0.130143
-0.135069
-0.137468
-0.138
-0.136344
-0.133202
-0.129955
-0.128141
-0.127408
-0.128997
-0.131636
-0.135131
-0.13775
-0.138202
-0.136181
-0.131237
-0.123825
-0.115708
-0.10747
-0.100889
-0.096717
-0.09456
-0.094793
-0.096241
-0.099208
-0.101851
-0.103495
-0.103952
-0.102401
-0.099824
-0.09684
-0.09398
-0.092544
-0.092558
-0.094621
-0.098252
-0.102602
-0.106899
-0.110419
-0.113364
-0.115224
-0.115658
-0.116352
-0.116859
-0.117707
-0.11939
-0.120993
-0.123614
-0.125794
-0.128348
-0.129818
-0.130255
-0.130067
-0.129323
-0.127609
-0.125179
-0.123494
-0.121495
-0.119858
-0.118402
-0.117472
-0.117026
-0.118014
-0.118684
-0.119899
-0.12053
-0.120477
-0.119425
-0.11726
-0.114357
-0.111039
-0.108092
-0.105618
-0.105002
-0.105926
-0.10763
-0.110474
-0.112704
-0.114643
-0.114773
-0.113959
-0.112615
-0.111381
-0.110718
-0.111292
-0.113326
-0.11676
-0.12066
-0.124469
-0.128037
-0.129162
-0.128455
-0.124671
-0.118402
-0.11132
-0.104614
-0.099716
-0.098708
-0.101588
-0.10605
-0.111635
-0.116371
-0.118145
-0.117135
-0.114009
-0.110049
-0.106312
-0.104496
-0.105057
-0.107693
-0.11136
-0.115997
-0.119787
-0.122312
-0.123646
-0.123067
-0.121251
-0.118459
-0.115544
-0.112643
-0.110049
-0.107959
-0.106619
-0.105522
-0.104184
-0.102682
-0.10085
-0.099081
-0.097795
-0.097539
-0.098216
-0.100426
-0.103101
-0.106454
-0.108588
-0.108741
-0.108379
-0.106324
-0.104175
-0.10276
-0.10298
-0.104735
-0.107372
-0.111031
-0.113933
-0.116441
-0.117231
-0.116618
-0.115392
-0.113205
-0.111785
-0.111149
-0.112162
-0.115228
-0.119316
-0.124494
-0.12904
-0.132912
-0.134692
-0.135127
-0.134089
-0.132068
-0.129426
-0.127947
-0.126483
-0.12583
-0.125207
-0.124655
-0.122638
-0.120184
-0.116292
-0.111776
-0.106725
-0.102126
-0.098778
-0.096046
-0.096022
-0.097018
-0.099138
-0.102156
-0.105039
-0.107378
-0.108772
-0.109681
-0.11024
-0.110622
-0.111671
-0.113133
-0.114687
-0.116811
-0.119554
-0.122684
-0.125718
-0.128139
-0.130155
-0.131188
-0.131304
-0.130963
-0.130542
-0.130094
-0.130242
-0.129971
-0.13032
-0.129332
-0.128161
-0.126171
-0.12391
-0.121713
-0.119386
-0.116738
-0.114504
-0.112966
-0.110671
-0.108109
-0.106064
-0.104517
-0.102619
-0.100489
-0.09876
-0.096859
-0.095405
-0.094121
-0.092898
-0.093051
-0.093981
-0.096042
-0.098718
-0.101481
-0.104253
-0.107382
-0.108611
-0.108816
-0.107619
-0.105893
-0.104321
-0.103392
-0.1038
-0.105973
-0.109663
-0.114265
-0.119021
-0.123433
-0.126344
-0.127749
-0.127545
-0.126406
-0.12419
-0.122116
-0.119814
-0.117879
-0.116993
-0.116752
-0.118252
-0.120885
-0.124733
-0.128088
-0.130621
-0.13082
-0.128528
-0.12452
-0.118622
-0.113705
-0.109377
-0.106242
-0.105758
-0.10601
-0.106625
-0.108063
-0.108628
-0.108084
-0.106942
-0.104969
-0.102421
-0.100827
-0.100035
-0.101306
-0.10484
-0.109424
-0.115173
-0.120046
-0.123635
-0.124951
-0.123593
-0.120599
-0.115616
-0.111376
-0.108315
-0.107885
-0.110003
-0.114498
-0.12029
-0.126976
-0.132075
-0.135484
-0.13649
-0.135119
-0.131793
-0.127987
-0.123992
-0.120799
-0.119413
-0.119295
