0.0
-0.011412
-0.043102
-0.089286
-0.139313
-0.184218
-0.217377
-0.234341
-0.235731
-0.224735
-0.207403
-0.190649
-0.178965
-0.176314
-0.181861
-0.194444
-0.208352
-0.219532
-0.225067
-0.223528
-0.215618
-0.204813
-0.19346
-0.184977
-0.18096
-0.181321
-0.183346
-0.187606
-0.19196
-0.195373
-0.197887
-0.201689
-0.205049
-0.209549
-0.21367
-0.216329
-0.216086
-0.211807
-0.202977
-0.190498
-0.174912
-0.15841
-0.142407
-0.128399
-0.119827
-0.117228
-0.122487
-0.134649
-0.152158
-0.172137
-0.190971
-0.205291
-0.213801
-0.216333
-0.213347
-0.207578
-0.201066
-0.195097
-0.191349
-0.188934
-0.188536
-0.188592
-0.188539
-0.186356
-0.183597
-0.18062
-0.178806
-0.17923
-0.181814
-0.187187
-0.192909
-0.196795
-0.197033
-0.192963
-0.184128
-0.17298
-0.162725
-0.157298
-0.157925
-0.165016
-0.176829
-0.18855
-0.197355
-0.201186
-0.198796
-0.190339
-0.178562
-0.164906
-0.152465
-0.144357
-0.141637
-0.145828
-0.156485
-0.172364
-0.190125
-0.206733
-0.218783
-0.222818
-0.218892
-0.207338
-0.192558
-0.177011
-0.165056
-0.159583
-0.159092
-0.164141
-0.170413
-0.176557
-0.18176
-0.184847
-0.186382
-0.186411
-0.185875
-0.185512
-0.185226
-0.184929
-0.183451
-0.181056
-0.176624
-0.171054
-0.165599
-0.162388
-0.161363
-0.164024
-0.170733
-0.179033
-0.18777
-0.194884
-0.198064
-0.197676
-0.192759
-0.186079
-0.179099
-0.173496
-0.170481
-0.171401
-0.175893
-0.182948
-0.191004
-0.198948
-0.204084
-0.203809
-0.199636
-0.190285
-0.177684
-0.163859
-0.152457
-0.145256
-0.143048
-0.146117
-0.152325
-0.160331
-0.168957
-0.175578
-0.179881
-0.181913
-0.182225
-0.183083
-0.18341
-0.184576
-0.186322
-0.187204
-0.187203
-0.185001
-0.182076
-0.178889
-0.176915
-0.176371
-0.179143
-0.184818
-0.191325
-0.198864
-0.203467
-0.20594
-0.205052
-0.201508
-0.196397
-0.191197
-0.187774
-0.186078
-0.18834
-0.192717
-0.198433
-0.203818
-0.206259
-0.204722
-0.198004
-0.186756
-0.172729
-0.158706
-0.148286
-0.143264
-0.145297
-0.151816
-0.162737
-0.174481
-0.18492
-0.192362
-0.196563
-0.196968
-0.194749
-0.190823
-0.186813
-0.183368
-0.181497
-0.18104
-0.181579
-0.182782
-0.183887
-0.184404
-0.183496
-0.181758
-0.179187
-0.176356
-0.173445
-0.171256
-0.170081
-0.16867
-0.167431
-0.165941
-0.163841
-0.162411
-0.161464
-0.161564
-0.163199
-0.167441
-0.172491
-0.178946
-0.183521
-0.186363
-0.185747
-0.181535
-0.174337
-0.167425
-0.162091
-0.161087
-0.164197
-0.17123
-0.181713
-0.191909
-0.20107
-0.207239
-0.209906
-0.208642
-0.205476
-0.201438
-0.198328
-0.196039
-0.19472
-0.195653
-0.197454
-0.198628
-0.199172
-0.199178
-0.197233
-0.195233
-0.192857
-0.191736
-0.190593
-0.189704
-0.188477
-0.185216
-0.179265
-0.171474
-0.162676
-0.153209
-0.145142
-0.139393
-0.137252
-0.138797
-0.143639
-0.15147
-0.160731
-0.17076
-0.179128
-0.18493
-0.18791
-0.186867
-0.185301
-0.184225
-0.186709
-0.193957
-0.204267
-0.215454
-0.223585
-0.2272
-0.224596
-0.217603
-0.207462
-0.19625
-0.185343
-0.177848
-0.172796
-0.170037
-0.168787
-0.168811
-0.169368
-0.170281
-0.170478
-0.170972
-0.171899
-0.17405
-0.17689
-0.179915
-0.183285
-0.185427
-0.185113
-0.181461
-0.175211
-0.166043
-0.155362
-0.146176
-0.139078
-0.137549
-0.139307
-0.14593
-0.155332
-0.165242
-0.173525
-0.179675
-0.182253
-0.181286
-0.178798
-0.177223
-0.177754
-0.182093
-0.19059
-0.20217
-0.214041
-0.224619
-0.230678
-0.229801
-0.223635
-0.211213
-0.197085
-0.183709
-0.172597
-0.166528
-0.165974
-0.168965
-0.174785
-0.180544
-0.184376
-0.186739
-0.186947
-0.186015
-0.185302
-0.185316
-0.187358
-0.19036
-0.193077
-0.194074
-0.192388
-0.18783
-0.180251
-0.171071
-0.161929
-0.155933
-0.151973
-0.152742
-0.156765
-0.162154
-0.168199
-0.172665
-0.174441
-0.174296
-0.171747
-0.169247
-0.168994
-0.171317
-0.176656
-0.185529
-0.194336
-0.20266
-0.208051
-0.20825
-0.204439
-0.197252
-0.189206
-0.180619
-0.174299
-0.169305
-0.168961
-0.17019
-0.172355
-0.175814
-0.178604
-0.180013
-0.18017
-0.178952
-0.178233
-0.177685
-0.178824
-0.181972
-0.187775
-0.194853
-0.200941
-0.206379
-0.208917
-0.208377
-0.204992
-0.199555
-0.192663
-0.185921
-0.180852
-0.176758
-0.175125
-0.173959
-0.172626
-0.17061
-0.168646
-0.16561
-0.163851
-0.163703
-0.165944
-0.171178
-0.177665
-0.183463
-0.187212
-0.188373
-0.186413
-0.182171
-0.176645
-0.171559
-0.167184
-0.165357
-0.165618
-0.168638
-0.173147
-0.178789
-0.183183
-0.185754
-0.184919
-0.181667
-0.176745
-0.172144
-0.169477
-0.169675
-0.173656
-0.180705
-0.1898
-0.19876
-0.206218
-0.21075
-0.210218
-0.206198
-0.199062
-0.190416
-0.181322
-0.173381
-0.168116
-0.165469
-0.164642
-0.16486
-0.165719
-0.165791
-0.165526
-0.165474
-0.165455
-0.166808
-0.168044
-0.170424
-0.173539
-0.177353
-0.180408
-0.183419
-0.185489
-0.186796
-0.187537
-0.188117
-0.188685
-0.189698
-0.191614
-0.195338
-0.199279
-0.203972
-0.207868
-0.210867
-0.211123
-0.207887
-0.200941
-0.192731
-0.183269
-0.174915
-0.168479
-0.165641
-0.166829
-0.168876
-0.173341
-0.177778
-0.181489
-0.183642
-0.18466
-0.183557
-0.181201
-0.178125
-0.174623
-0.172492
-0.171018
-0.17124
-0.172538
-0.174694
-0.178288
-0.181033
-0.184592
-0.18751
-0.189418
-0.190078
-0.187838
-0.183315
-0.176628
-0.167978
-0.15954
-0.152705
-0.149931
-0.15219
-0.159684
-0.171303
-0.185895
-0.199363
-0.210604
-0.216398
-0.216283
-0.209386
-0.197989
-0.184269
-0.171904
-0.161898
-0.155451
-0.153691
-0.156157
-0.159779
-0.164917
-0.169011
-0.171044
-0.171101
-0.168781
-0.16489
-0.161389
-0.158349
-0.157712
-0.159463
-0.164291
-0.170583
-0.179054
-0.188395
-0.19725
-0.204193
-0.208502
-0.21061
-0.210244
-0.208361
-0.20538
-0.200654
-0.194426
-0.189401
-0.184413
-0.181326
-0.179734
-0.182407
-0.18613
-0.192248
-0.199455
-0.205842
-0.211413
-0.214144
-0.213713
-0.209926
-0.20264
-0.192731
-0.181665
-0.171625
-0.162991
-0.158581
-0.155627
-0.155539
-0.157187
-0.15999
-0.162847
-0.165842
-0.168019
-0.169745
-0.170434
-0.169547
-0.16812
-0.166159
-0.165402
-0.166629
-0.169267
-0.174903
-0.181335
-0.188335
-0.194646
-0.19991
-0.203557
-0.206341
-0.205963
-0.204505
-0.2012
-0.196351
-0.191101
-0.184938
-0.180295
-0.177257
-0.176708
-0.179737
-0.18458
-0.190175
-0.195917
-0.19913
-0.198515
-0.194051
-0.185832
-0.175691
-0.164979
-0.156471
-0.151653
-0.151369
-0.155129
-0.162259
-0.17108
-0.180469
-0.187866
-0.192785
-0.194497
-0.192255
-0.188101
-0.181731
-0.174323
-0.168459
-0.164157
-0.163215
-0.164971
-0.169487
-0.174879
-0.179672
-0.1846
-0.186916
-0.189236
-0.189938
-0.190216
-0.190331
-0.190308
-0.18908
-0.187031
-0.184556
-0.181401
-0.178453
-0.175978
-0.173947
-0.173481
-0.174104
-0.174778
-0.175123
-0.174369
-0.171398
-0.167139
-0.161775
-0.156906
-0.15294
-0.151889
-0.154389
-0.159755
-0.168272
-0.178433
-0.188826
-0.198118
-0.20495
-0.208728
-0.208876
-0.205549
-0.199678
-0.191212
-0.18193
-0.174094
-0.166713
-0.162645
-0.160849
-0.162034
-0.165126
-0.169401
-0.173762
-0.179302
-0.184064
-0.188298
-0.192199
-0.195324
-0.196403
-0.19584
-0.192915
-0.188428
-0.18336
-0.178347
-0.174686
-0.172689
-0.174123
-0.177549
-0.182666
-0.1877
-0.191039
-0.192279
-0.190139
-0.185723
-0.179759
-0.174095
-0.171402
-0.172753
-0.179427
-0.18976
-0.202935
-0.216879
-0.228632
-0.23555
-0.236547
-0.231281
-0.220909
-0.206943
-0.191845
-0.177111
-0.164584
-0.155293
-0.149718
-0.1467
-0.146226
-0.146343
-0.14881
-0.151456
-0.154111
-0.158115
-0.161967
-0.1659
-0.170046
-0.172935
-0.174548
-0.174648
-0.173644
-0.171512
-0.169859
-0.168826
-0.168493
-0.169503
-0.172454
-0.175854
-0.179816
-0.182626
-0.185107
-0.185715
-0.184853
-0.183048
-0.18095
-0.179796
-0.180335
-0.184042
-0.191065
-0.199055
-0.207639
-0.214428
-0.217718
-0.217131
-0.213008
-0.204257
-0.193148
-0.181379
-0.17027
-0.160716
-0.154767
-0.151544
-0.152708
-0.155673
-0.160227
-0.16488
-0.169617
-0.173106
-0.174865
-0.175956
-0.175105
-0.173282
-0.172038
-0.171212
-0.171423
-0.172731
-0.175517
-0.178766
-0.18182
-0.1843
-0.185993
-0.187425
-0.188812
-0.190091
-0.190749
-0.189662
-0.187248
-0.183088
-0.177408
-0.171579
-0.166436
-0.16519
-0.167408
-0.173162
-0.181899
-0.190643
-0.197952
-0.201624
-0.20094
-0.195877
-0.187779
-0.178002
-0.170272
-0.164864
-0.162564
-0.166003
-0.172105
-0.181158
-0.189221
-0.196619
-0.20097
-0.201461
-0.198838
-0.192916
-0.185501
-0.178046
-0.171513
-0.167461
-0.165958
-0.166574
-0.16922
-0.172534
-0.176722
-0.180956
-0.184151
-0.186426
-0.187978
-0.189005
-0.189068
-0.188799
-0.188188
-0.186937
-0.184675
-0.181776
-0.179294
-0.176985
-0.176153
-0.176846
-0.178914
-0.18157
-0.183643
-0.184517
-0.183925
-0.181126
-0.176932
-0.170946
-0.164875
-0.159712
-0.155996
-0.155841
-0.159488
-0.16475
-0.172925
-0.182063
-0.190608
-0.196178
-0.200204
-0.201482
-0.200375
-0.197768
-0.194191
-0.189801
-0.18566
-0.182441
-0.180089
-0.179314
-0.17899
-0.18118
-0.183195
-0.185729
-0.188753
-0.191103
-0.192756
-0.192795
-0.191189
-0.186709
-0.181453
-0.174614
-0.168187
-0.163224
-0.160949
-0.160592
-0.163815
-0.167883
-0.17288
-0.176939
-0.179194
-0.179472
-0.176817
-0.172369
-0.167215
-0.162768
-0.160473
-0.160614
-0.16455
-0.170753
-0.17954
-0.188014
-0.195473
-0.202212
-0.2062
-0.207739
-0.206404
-0.203632
-0.199562
-0.194115
-0.188088
-0.182229
-0.176997
-0.172748
-0.170497
-0.170662
-0.172634
-0.174967
-0.178617
-0.180793
-0.182197
-0.183633
-0.18362
-0.182629
-0.181616
-0.178885
-0.176626
-0.175034
-0.174041
-0.175775
-0.178722
-0.183518
-0.188298
-0.192189
-0.194686
-0.194887
-0.192785
-0.188605
-0.183217
-0.177822
-0.172281
-0.1683
-0.165795
-0.165434
-0.168265
-0.172323
-0.176513
-0.179278
-0.180426
-0.179624
-0.17809
-0.177397
-0.178621
-0.180978
-0.183835
-0.186521
-0.186701
-0.184066
-0.178656
-0.172243
-0.166234
-0.16138
-0.160072
-0.161191
-0.16598
-0.172043
-0.179663
-0.18692
-0.191607
-0.193552
-0.191558
-0.187874
-0.1806
-0.175287
-0.172289
-0.172742
-0.177006
-0.18409
-0.193105
-0.200838
-0.206242
-0.208873
-0.20714
-0.201548
-0.193111
-0.182921
-0.172324
-0.162706
-0.15591
-0.15273
-0.15278
-0.156776
-0.162145
-0.168783
-0.175361
-0.179859
-0.181826
-0.181463
-0.179681
-0.17818
-0.178601
-0.179691
-0.18195
-0.184767
-0.186555
-0.186295
-0.18414
-0.180631
-0.177188
-0.175313
-0.174012
-0.175478
-0.177626
-0.180254
-0.1824
-0.183736
-0.184546
-0.185492
-0.187033
-0.18982
-0.193906
-0.199129
-0.203514
-0.206472
-0.207886
-0.206865
-0.204448
-0.200648
-0.195522
-0.190279
-0.184829
-0.180738
-0.177051
-0.173613
-0.171398
-0.167918
-0.164318
-0.159739
-0.153727
-0.147984
-0.143556
-0.140678
-0.142122
-0.145645
-0.15217
-0.160976
-0.170605
-0.178812
-0.184844
-0.18816
-0.18782
-0.184933
-0.180394
-0.176421
-0.174398
-0.174709
-0.179008
-0.186221
-0.193792
-0.200189
-0.204748
-0.204806
-0.201736
-0.19517
-0.188436
-0.182184
-0.178593
-0.178672
-0.182139
-0.188101
-0.195512
-0.201838
-0.206229
-0.206445
-0.202061
-0.195178
-0.186457
-0.178164
-0.172243
-0.168677
-0.167806
-0.168413
-0.16909
-0.169091
-0.167629
-0.166762
-0.166457
-0.168099
-0.170575
-0.173158
-0.176765
-0.178903
-0.180668
-0.181931
-0.182464
-0.183573
-0.183477
-0.183143
-0.181346
-0.179215
-0.176754
-0.174988
-0.174157
-0.173831
-0.173892
-0.173064
-0.170694
-0.167794
-0.164391
-0.161688
-0.160035
-0.161525
-0.164501
-0.168733
-0.173922
-0.179538
-0.183648
-0.18784
-0.19064
-0.192495
-0.194165
-0.195674
-0.19681
-0.197649
-0.198715
-0.198456
-0.197383
-0.194497
-0.189232
-0.182008
-0.174404
-0.167142
-0.162626
-0.162185
-0.165534
-0.171862
-0.180088
-0.186893
-0.192764
-0.195515
-0.194748
-0.191619
-0.187162
-0.182097
-0.177892
-0.175599
-0.175838
-0.177582
-0.18085
-0.18358
-0.184739
-0.183348
-0.17888
-0.172733
-0.165533
-0.158961
-0.154779
-0.153948
-0.156835
-0.161972
-0.168435
-0.176058
-0.18263
-0.187722
-0.191579
-0.193579
-0.194129
-0.194247
-0.194142
-0.194936
-0.195784
-0.196594
-0.195423
-0.193108
-0.188576
-0.182638
-0.176829
-0.1717
-0.169297
-0.168498
-0.170412
-0.173268
-0.176508
-0.179327
-0.181634
-0.182081
-0.181292
-0.179591
-0.176585
-0.173362
-0.171452
-0.170898
-0.171467
-0.173776
-0.175674
-0.176913
-0.176846
-0.175296
-0.173709
-0.171518
-0.171102
-0.172329
-0.175336
-0.180025
-0.185497
-0.190723
-0.194866
-0.197451
-0.199009
-0.199135
-0.198447
-0.197942
-0.197608
-0.197632
-0.198146
-0.197593
-0.197202
-0.195604
-0.192816
-0.189361
-0.185912
-0.182354
-0.180351
-0.178862
-0.178087
-0.178063
-0.178473
-0.178847
-0.179029
-0.178174
-0.177412
-0.176278
-0.17528
-0.174911
-0.175252
-0.177647
-0.181068
-0.185778
-0.189865
-0.191296
-0.19069
-0.187462
-0.181816
-0.175871
-0.170744
-0.166856
-0.165828
-0.166506
-0.169467
-0.171789
-0.174243
-0.175251
-0.174039
-0.172488
-0.169958
-0.167469
-0.166271
-0.166404
-0.167194
-0.168974
-0.171133
-0.172121
-0.171948
-0.171896
-0.171929
-0.1714
-0.172251
-0.173562
-0.175695
-0.17753
-0.179092
-0.179845
-0.179885
-0.179183
-0.17856
-0.1783
-0.178485
-0.180158
-0.182257
-0.185658
-0.189185
-0.193592
-0.197545
-0.200177
-0.200273
-0.199556
-0.196979
-0.194785
-0.192127
-0.191092
-0.191684
-0.193059
-0.194648
-0.195759
-0.195692
-0.19486
-0.192317
-0.18932
-0.186253
-0.182298
-0.179152
-0.175491
-0.173066
-0.17084
-0.169886
-0.16917
-0.16884
-0.16745
-0.165811
-0.16322
-0.160723
-0.158626
-0.157532
-0.159082
-0.161592
-0.165186
-0.168336
-0.17102
-0.171919
-0.171589
-0.170924
-0.17069
-0.171355
-0.174658
-0.179539
-0.186423
-0.193998
-0.201048
-0.20572
-0.208541
-0.208515
-0.205908
-0.202441
-0.197566
-0.194234
-0.192305
-0.1923
-0.193927
-0.196462
-0.197942
-0.198339
-0.196224
-0.192453
-0.186867
-0.180527
-0.174766
-0.170826
-0.168221
-0.168073
-0.168866
-0.171052
-0.172817
-0.172733
-0.171589
-0.170934
-0.169736
-0.169754
-0.172252
-0.175881
-0.180093
-0.186166
-0.18997
-0.192256
-0.192626
-0.190268
-0.186425
-0.181271
-0.176814
-0.17414
-0.174562
-0.177224
-0.18405
-0.190932
-0.197124
-0.201024
-0.201246
-0.197759
-0.190935
-0.182229
-0.173091
-0.165091
-0.160242
-0.15934
-0.162383
-0.167688
-0.174173
-0.179925
-0.183302
-0.183793
-0.181311
-0.176615
-0.171085
-0.167158
-0.164543
-0.162658
-0.163219
-0.163819
-0.165382
-0.167322
-0.169549
-0.172682
-0.17609
-0.180529
-0.185138
-0.19002
-0.192643
-0.194108
-0.192489
-0.188725
-0.183225
-0.175651
-0.169028
-0.164989
-0.163156
-0.165801
-0.170806
-0.178413
-0.185625
-0.190878
-0.193514
-0.191679
-0.1874
-0.180017
-0.173234
-0.16808
-0.166271
-0.168814
-0.173456
-0.180253
-0.187436
-0.193269
-0.196291
-0.196391
-0.193992
-0.190635
-0.18686
-0.184749
-0.184352
-0.185707
-0.189556
-0.193486
-0.197883
-0.199871
-0.200116
-0.197834
-0.195226
-0.191857
-0.189883
-0.188875
-0.188042
-0.188407
-0.18877
-0.187966
-0.186416
-0.182482
-0.177914
-0.172341
-0.166037
-0.160404
-0.156208
-0.153842
-0.153135
-0.154488
-0.156367
-0.15841
-0.159459
-0.159841
-0.158679
-0.157029
-0.155924
-0.156407
-0.15785
-0.162037
-0.167673
-0.174478
-0.181632
-0.18685
-0.190415
-0.192942
-0.194979
-0.197355
-0.200446
-0.203899
-0.207462
-0.210004
-0.210066
-0.206769
-0.200818
-0.192244
-0.18395
-0.176089
-0.170687
-0.168674
-0.169382
-0.172187
-0.177125
-0.181569
-0.183894
-0.184554
-0.180877
-0.175887
-0.168759
-0.162684
-0.159208
-0.15994
-0.164879
-0.172026
-0.18117
-0.188312
-0.192864
-0.193085
-0.189693
-0.184195
-0.177609
-0.172381
-0.169007
-0.169527
-0.171937
-0.175951
-0.180223
-0.183624
-0.185303
-0.186111
-0.186525
-0.187073
-0.188531
-0.190012
-0.192237
-0.193569
-0.194059
-0.191879
-0.187098
-0.180929
-0.174373
-0.167368
-0.162193
-0.160378
-0.159608
-0.162186
-0.165986
-0.170858
-0.174499
-0.176711
-0.17633
-0.174005
-0.169896
-0.165031
-0.161922
-0.161627
-0.165052
-0.171763
-0.180531
-0.189467
-0.196282
-0.198935
-0.198537
-0.194828
-0.189745
-0.184015
-0.180126
-0.178246
-0.178695
-0.181031
-0.184715
-0.188244
-0.190883
-0.19294
-0.192657
-0.190351
-0.186796
-0.184246
-0.181554
-0.179186
-0.178107
-0.176762
-0.174783
-0.1722
-0.168002
-0.162121
-0.15704
-0.153346
-0.152068
-0.153556
-0.158788
-0.166705
-0.175767
-0.184513
-0.192088
-0.197136
-0.198218
-0.196599
-0.193159
-0.189863
-0.18846
-0.189543
-0.191945
-0.196599
-0.201255
-0.204048
-0.204593
-0.202562
-0.197645
-0.191277
-0.183073
-0.174988
-0.167484
-0.161954
-0.158353
-0.157623
-0.160818
-0.164559
-0.16947
-0.173696
-0.176062
-0.176875
-0.175846
-0.17365
-0.171106
-0.168569
-0.166459
-0.164547
-0.161811
-0.15835
-0.155128
-0.151761
-0.149676
-0.150761
-0.153171
-0.159165
-0.167322
-0.175796
-0.183696
-0.189747
-0.19295
-0.193328
-0.190901
-0.187724
-0.185083
-0.183515
-0.18523
-0.188914
-0.193698
-0.19948
-0.202729
-0.20384
-0.201668
-0.197067
-0.190677
-0.18515
-0.18041
-0.17807
-0.178468
-0.181041
-0.184853
-0.189405
-0.192559
-0.193726
-0.192704
-0.190036
-0.186263
-0.182395
-0.179966
-0.178982
-0.178514
-0.177959
-0.175618
-0.172128
-0.167226
-0.163163
-0.159972
-0.1595
-0.163248
-0.169811
-0.177219
-0.184396
-0.189315
-0.191251
-0.189823
-0.186099
-0.181454
-0.176805
-0.173612
-0.172037
-0.173017
-0.176562
-0.179374
-0.183133
-0.185905
-0.186645
-0.185015
-0.179502
-0.172584
-0.164705
-0.158714
-0.155592
-0.155165
-0.159069
-0.164311
-0.170281
-0.175737
-0.179047
-0.180933
-0.18179
-0.182188
-0.182664
-0.183745
-0.186941
-0.189753
-0.192542
-0.193753
-0.193394
-0.190558
-0.186333
-0.181692
-0.177706
-0.17509
-0.17532
-0.178159
-0.183237
-0.189532
-0.195324
-0.199167
-0.199495
-0.196452
-0.190039
-0.181868
-0.173487
-0.166801
-0.162615
-0.161163
-0.162925
-0.166188
-0.17023
-0.173741
-0.176431
-0.177481
-0.177231
-0.175521
-0.172849
-0.171504
-0.170048
-0.170449
-0.172378
-0.175685
-0.180445
-0.18465
-0.188277
-0.1912
-0.193634
-0.194774
-0.195543
-0.194977
-0.193441
-0.189955
-0.185716
-0.180505
-0.174866
-0.170978
-0.167541
-0.16651
-0.167388
-0.170505
-0.174362
-0.178079
-0.180641
-0.180935
-0.177791
-0.172141
-0.165675
-0.158809
-0.152922
-0.149316
-0.14831
-0.150006
-0.153548
-0.158157
-0.162508
-0.165676
-0.167411
-0.167328
-0.165876
-0.164018
-0.162268
-0.162621
-0.165413
-0.172321
-0.181321
-0.191959
-0.202301
-0.209739
-0.21333
-0.211853
-0.208013
-0.202367
-0.19847
-0.196641
-0.19699
-0.199015
-0.201304
-0.201612
-0.200968
-0.198371
-0.194184
-0.189958
-0.185284
-0.182493
-0.180398
-0.178991
-0.179057
-0.178957
-0.178375
-0.176212
-0.173688
-0.169526
-0.164749
-0.160415
-0.156805
-0.155293
-0.15535
-0.157216
-0.159364
-0.163407
-0.166088
-0.169364
-0.171621
-0.172889
-0.173881
-0.173481
-0.173531
-0.175191
-0.177472
-0.181747
-0.186096
-0.191262
-0.194196
-0.195458
-0.194044
-0.191694
-0.188729
-0.186304
-0.184837
-0.183019
-0.181179
-0.17876
-0.174763
-0.169865
-0.164812
-0.160983
-0.158113
-0.15712
-0.159464
-0.163083
-0.167936
-0.173907
-0.179689
-0.185686
-0.189737
-0.192175
-0.191982
-0.190244
-0.186874
-0.184365
-0.182813
-0.183663
-0.185812
-0.189691
-0.193258
-0.196563
-0.198221
-0.198215
-0.196293
-0.194104
-0.190871
-0.187755
-0.184834
-0.182263
-0.180556
-0.179246
-0.177066
-0.17655
-0.176255
-0.175499
-0.174235
-0.173385
-0.172427
-0.170887
-0.16946
-0.167274
-0.165231
-0.163326
-0.161618
-0.160632
-0.160177
-0.160924
-0.162242
-0.165285
-0.168772
-0.172266
-0.176902
-0.180156
-0.181952
-0.183074
-0.18367
-0.182919
-0.181698
-0.180868
-0.180669
-0.180772
-0.181519
-0.182233
-0.182914
-0.181332
-0.178911
-0.175414
-0.171233
-0.167133
-0.163919
-0.161909
-0.160922
-0.161286
-0.162051
-0.163257
-0.164007
-0.163998
-0.163213
-0.16277
-0.161906
-0.162417
-0.164027
-0.168119
-0.172746
-0.179046
-0.185029
-0.189324
-0.192173
-0.192836
-0.191154
-0.18919
-0.186221
-0.185568
-0.185835
-0.187768
-0.191545
-0.195916
-0.200131
-0.203594
-0.205496
-0.205936
-0.205144
-0.203034
-0.200964
-0.199183
-0.197761
-0.19634
-0.194433
-0.191447
-0.188212
-0.184175
-0.179894
-0.175944
-0.172588
-0.169014
-0.16575
-0.162397
-0.158247
-0.154374
-0.150706
-0.148109
-0.147559
-0.148355
-0.150542
-0.154931
-0.160204
-0.166538
-0.173973
-0.181282
-0.188646
-0.194851
-0.200379
-0.203075
-0.203914
-0.202932
-0.19999
-0.196736
-0.193886
-0.191107
-0.188226
-0.184846
-0.181602
-0.178637
-0.175331
-0.171912
-0.169688
-0.167773
-0.166307
-0.165142
-0.16582
-0.165874
-0.166823
-0.167894
-0.16937
-0.169946
-0.170369
-0.171026
-0.171649
-0.173378
-0.17683
-0.18159
-0.186164
-0.188996
-0.191121
-0.191003
-0.188368
-0.183755
-0.179323
-0.17611
-0.174858
-0.177635
-0.183065
-0.190477
-0.199363
-0.207798
-0.214106
-0.217354
-0.215949
-0.210222
-0.200295
-0.189216
-0.177453
-0.167578
-0.161119
-0.157907
-0.157115
-0.157826
-0.159525
-0.160264
-0.160064
-0.158809
-0.157207
-0.155219
-0.153778
-0.153739
-0.155198
-0.158203
-0.162602
-0.167807
-0.172282
-0.176077
-0.178133
-0.178197
-0.175899
-0.172028
-0.168592
-0.166662
-0.166619
-0.16935
-0.1739
-0.179753
-0.185836
-0.190569
-0.194389
-0.196299
-0.197269
-0.197787
-0.198637
-0.198815
-0.199723
-0.20002
-0.20028
-0.19929
-0.198504
-0.196066
-0.19387
-0.190221
-0.185474
-0.180163
-0.17366
-0.167571
-0.161813
-0.158595
-0.157601
-0.159199
-0.163366
-0.16857
-0.175077
-0.180176
-0.184909
-0.18693
-0.187338
-0.185017
-0.180209
-0.175566
-0.170758
-0.167004
-0.167754
-0.171156
-0.176165
-0.183512
-0.190376
-0.195735
-0.198412
-0.198089
-0.195984
-0.192176
-0.188263
-0.18434
-0.180942
-0.17824
-0.177456
-0.177184
-0.178717
-0.180544
-0.182671
-0.18469
-0.183817
-0.181086
-0.174893
-0.16686
-0.158773
-0.152806
-0.149786
-0.151513
-0.15712
-0.166218
-0.17579
-0.184376
-0.189454
-0.191962
-0.190966
-0.186994
-0.181374
-0.17542
-0.16946
-0.165831
-0.164406
-0.164588
-0.167729
-0.170726
-0.173637
-0.174235
-0.173449
-0.172121
-0.171183
-0.171944
-0.175134
-0.180499
-0.186155
-0.191946
-0.195647
-0.196479
-0.195743
-0.193705
-0.190849
-0.187818
-0.184517
-0.181974
-0.180071
-0.178482
-0.177234
-0.176285
-0.17594
-0.174371
-0.172386
-0.170471
-0.168616
-0.16867
-0.17087
-0.175649
-0.183211
-0.192112
-0.200324
-0.206627
-0.210247
-0.209816
-0.20572
-0.198821
-0.191432
-0.18509
-0.179542
-0.176157
-0.174245
-0.173307
-0.171474
-0.168578
-0.164764
-0.161295
-0.158705
-0.159169
-0.161539
-0.166516
-0.173007
-0.179713
-0.184404
-0.187576
-0.187257
-0.185068
-0.180733
-0.175961
-0.171238
-0.168031
-0.166195
-0.165911
-0.166497
-0.168305
-0.169758
-0.171002
-0.170428
-0.169996
-0.169088
-0.169436
-0.172268
-0.175599
-0.181986
-0.188868
-0.195615
-0.202287
-0.206403
-0.207904
-0.205785
-0.201216
-0.194063
-0.185637
-0.177449
-0.170924
-0.166697
-0.165175
-0.16623
-0.167236
-0.168938
-0.169172
-0.16855
-0.167789
-0.166511
-0.165796
-0.165956
-0.166398
-0.168553
-0.170532
-0.173044
-0.175851
-0.178797
-0.181941
-0.18446
-0.185981
-0.186557
-0.185552
-0.183564
-0.18138
-0.179479
-0.178989
-0.18018
-0.181996
-0.184506
-0.186932
-0.188179
-0.188204
-0.187377
-0.185761
-0.184477
-0.183175
-0.183199
-0.182848
-0.183034
-0.182494
-0.181544
-0.179582
-0.17641
-0.173773
-0.170758
-0.168681
-0.167861
-0.167501
-0.168645
-0.170664
-0.173037
-0.176027
-0.178899
-0.181653
-0.183391
-0.18436
-0.183976
-0.181703
-0.179622
-0.177108
-0.174614
-0.173072
-0.173653
-0.1754
-0.180148
-0.184797
-0.190096
-0.194298
-0.195838
-0.195284
-0.192013
-0.187809
-0.183101
-0.178249
-0.175098
-0.172138
-0.171145
-0.171361
-0.171682
-0.171703
-0.172263
-0.172044
-0.170649
-0.169257
-0.167091
-0.165339
-0.163808
-0.162252
-0.161242
-0.16188
-0.164001
-0.167622
-0.173826
-0.181792
-0.190299
-0.198447
-0.205027
-0.208824
-0.209414
-0.206657
-0.201685
-0.195481
-0.188036
-0.181757
-0.176204
-0.172343
-0.17242
-0.174189
-0.178401
-0.184187
-0.190604
-0.196501
-0.201623
-0.204579
-0.205694
-0.204653
-0.201132
-0.19638
-0.190252
-0.183748
-0.177541
-0.171296
-0.165359
-0.16045
-0.155801
-0.15151
-0.147251
-0.142926
-0.139096
-0.135945
-0.134164
-0.134689
-0.138042
-0.143368
-0.150953
-0.160248
-0.169522
-0.179662
-0.188087
-0.194475
-0.198586
-0.200924
-0.201204
-0.200243
-0.19819
-0.194695
-0.190922
-0.186604
-0.182799
-0.179885
-0.177626
-0.177129
-0.178416
-0.181363
-0.186004
-0.191177
-0.197244
-0.202183
-0.206757
-0.209062
-0.209499
-0.208933
-0.205809
-0.200762
-0.194273
-0.186156
-0.178256
-0.170999
-0.166466
-0.164846
-0.165861
-0.16866
-0.17164
-0.173833
-0.173812
-0.171069
-0.166922
-0.162003
-0.159175
-0.158291
-0.159948
-0.164245
-0.170323
-0.176307
-0.182223
-0.186729
-0.189444
-0.190272
-0.189547
-0.186087
-0.181767
-0.176158
-0.169719
-0.164127
-0.159335
-0.1557
-0.154204
-0.154954
-0.158056
-0.162573
-0.168402
-0.174523
-0.179602
-0.184045
-0.186487
-0.187455
-0.186515
-0.184364
-0.182113
-0.178529
-0.176359
-0.175582
-0.177388
-0.181073
-0.186781
-0.192383
-0.196198
-0.198115
-0.197401
-0.194292
-0.189423
-0.182546
-0.176624
-0.171689
-0.168202
-0.166342
-0.166311
-0.167362
-0.168613
-0.17087
-0.172761
-0.17372
-0.173475
-0.173414
-0.17369
-0.17404
-0.174952
-0.176901
-0.177758
-0.17817
-0.177543
-0.176955
-0.176366
-0.177382
-0.180542
-0.184153
-0.189354
-0.194431
-0.197229
-0.197724
-0.196053
-0.192235
-0.187288
-0.182681
-0.17931
-0.178542
-0.181191
-0.187136
-0.196001
-0.204599
-0.21267
-0.217683
-0.216966
-0.212316
-0.203989
-0.194382
-0.184796
-0.177564
-0.172848
-0.169968
-0.167626
-0.165584
-0.161562
-0.156377
-0.149823
-0.144101
-0.139323
-0.137202
-0.138565
-0.142344
-0.14818
-0.155989
-0.163604
-0.170622
-0.176585
-0.18092
-0.184548
-0.186536
-0.187997
-0.189002
-0.189935
-0.19051
-0.190143
-0.189401
-0.186952
-0.18357
-0.179578
-0.17661
-0.175262
-0.176099
-0.178514
-0.182167
-0.186022
-0.190148
-0.193086
-0.194473
-0.193635
-0.19185
-0.188855
-0.186029
-0.182813
-0.180486
-0.179333
-0.178845
-0.178406
-0.177476
-0.175366
-0.170968
-0.164651
-0.15719
-0.150595
-0.1469
-0.147171
-0.15222
-0.161024
-0.172151
-0.183086
-0.192172
-0.197533
-0.198629
-0.195463
-0.189221
-0.182497
-0.175572
-0.171646
-0.169774
-0.171221
-0.175028
-0.180031
-0.183978
-0.186782
-0.18683
-0.183713
-0.177518
-0.170035
-0.162914
-0.157476
-0.156099
-0.157755
-0.163162
-0.169564
-0.176982
-0.181934
-0.185029
-0.185344
-0.183555
-0.178727
-0.174102
-0.168008
-0.16377
-0.160779
-0.160133
-0.161514
-0.165174
-0.170728
-0.177384
-0.183708
-0.189418
-0.192495
-0.19424
-0.19515
-0.194524
-0.193648
-0.192946
-0.193184
-0.193365
-0.194783
-0.198129
-0.200551
-0.203982
-0.205766
-0.205159
-0.202247
-0.196609
-0.188131
-0.179902
-0.172669
-0.168163
-0.16698
-0.169239
-0.173864
-0.180037
-0.184258
-0.187849
-0.187321
-0.182967
-0.175715
-0.167682
-0.158943
-0.152888
-0.150083
-0.150869
-0.156127
-0.163813
-0.171631
-0.179045
-0.1838
-0.185922
-0.185278
-0.181395
-0.176825
-0.172316
-0.170157
-0.171317
-0.174168
-0.179637
-0.185607
-0.190426
-0.193408
-0.193751
-0.190992
-0.186297
-0.180853
-0.175388
-0.171415
-0.168787
-0.167976
-0.168407
-0.169865
-0.171415
-0.17359
-0.176651
-0.17871
-0.179098
-0.178661
-0.176837
-0.174501
-0.171297
-0.168165
-0.16474
-0.161749
-0.159432
-0.158472
-0.157752
-0.158418
-0.160174
-0.162772
-0.166122
-0.169097
-0.173421
-0.176337
-0.179953
-0.18255
-0.18539
-0.18789
-0.190769
-0.193275
-0.196061
-0.198783
-0.200125
-0.200257
-0.198047
-0.19317
-0.187533
-0.180148
-0.173587
-0.168472
-0.166813
-0.168094
-0.172216
-0.17845
-0.184544
-0.190035
-0.19416
-0.19503
-0.194362
-0.191783
-0.18812
-0.183984
-0.179865
-0.176319
-0.173603
-0.171733
-0.170587
-0.169752
-0.169156
-0.166971
-0.164253
-0.160442
-0.156562
-0.155342
-0.157383
-0.161674
-0.169331
-0.178134
-0.186512
-0.192248
-0.194539
-0.193824
-0.189787
-0.183967
-0.178301
-0.173139
-0.169002
-0.165728
-0.164816
-0.163644
-0.164116
-0.165154
-0.166164
-0.167796
-0.169207
-0.170511
-0.172206
-0.174832
-0.178686
-0.183433
-0.187899
-0.19245
-0.195458
-0.196366
-0.195751
-0.19342
-0.190664
-0.188003
-0.186431
-0.186158
-0.186696
-0.186968
-0.187513
-0.186678
-0.184856
-0.181544
-0.177436
-0.172532
-0.168956
-0.166273
-0.166616
-0.16943
-0.173542
-0.179365
-0.182979
-0.185058
-0.184142
-0.181491
-0.176593
-0.171007
-0.166683
-0.163486
-0.161651
-0.161257
-0.161404
-0.162235
-0.162487
-0.162402
-0.163127
-0.163619
-0.164585
-0.166159
-0.169536
-0.173303
-0.178886
-0.184068
-0.189162
-0.194194
-0.197369
-0.199577
-0.19982
-0.198621
-0.196943
-0.194727
-0.192263
-0.190231
-0.188142
-0.185833
-0.183488
-0.180798
-0.17748
-0.174131
-0.171214
-0.169437
-0.168018
-0.168147
-0.16849
-0.168828
-0.168858
-0.168068
-0.166441
-0.164885
-0.16292
-0.162404
-0.162418
-0.164634
-0.168589
-0.17425
-0.179783
-0.185345
-0.188401
-0.18836
-0.185299
-0.179903
-0.17345
-0.168371
-0.166575
-0.168305
-0.174414
-0.18348
-0.191894
-0.199006
-0.202438
-0.201423
-0.197148
-0.190285
-0.182544
-0.175854
-0.172252
-0.171827
-0.174922
-0.180356
-0.186165
-0.191764
-0.19397
-0.193886
-0.191056
-0.186033
-0.179709
-0.173699
-0.168715
-0.165273
-0.163029
-0.16214
-0.161632
-0.161696
-0.161856
-0.162889
-0.164904
-0.166197
-0.169287
-0.172273
-0.174814
-0.177292
-0.178895
-0.180181
-0.18132
-0.181688
-0.181673
-0.181776
-0.181484
-0.180887
-0.18195
-0.181834
-0.182096
-0.181256
-0.179441
-0.176673
-0.172162
-0.16816
-0.164141
-0.162063
-0.162328
-0.164612
-0.167582
-0.170512
-0.172398
-0.172323
-0.169623
-0.165901
-0.161945
-0.158445
-0.157752
-0.15925
-0.163515
-0.169479
-0.176325
-0.182943
-0.188366
-0.190741
-0.190211
-0.187061
-0.183229
-0.179307
-0.177986
-0.179397
-0.18429
-0.192546
-0.200932
-0.208222
-0.213012
-0.215296
-0.21379
-0.210123
-0.203747
-0.197466
-0.191049
-0.185661
-0.182024
-0.179604
-0.178663
-0.178503
-0.17827
-0.1774
-0.174457
-0.170322
-0.164965
-0.159311
-0.154347
-0.150678
-0.149376
-0.149744
-0.151995
-0.1546
-0.15899
-0.163599
-0.168249
-0.172285
-0.176067
-0.178928
-0.181031
-0.181731
-0.181348
-0.179192
-0.175856
-0.173228
-0.170427
-0.169599
-0.170208
-0.171841
-0.174473
-0.177841
-0.179863
-0.182772
-0.184375
-0.184494
-0.18387
-0.181179
-0.178121
-0.174258
-0.170374
-0.168254
-0.167499
-0.168751
-0.172315
-0.177624
-0.183517
-0.187376
-0.190568
-0.19129
-0.190045
-0.187083
-0.183216
-0.178239
-0.174503
-0.171743
-0.170588
-0.170937
-0.173686
-0.177252
-0.181559
-0.185057
-0.187127
-0.187334
-0.185854
-0.18378
-0.181556
-0.178677
-0.177706
-0.17635
-0.175543
-0.175618
-0.176068
-0.177886
-0.179789
-0.182198
-0.184037
-0.184919
-0.185069
-0.1836
-0.180858
-0.177716
-0.173881
-0.169502
-0.166794
-0.1638
-0.162084
-0.162116
-0.164077
-0.167207
-0.171489
-0.174487
-0.176881
-0.177774
-0.176179
-0.174628
-0.172759
-0.172247
-0.173386
-0.175835
-0.178339
-0.18031
-0.181177
-0.179419
-0.175736
-0.170824
-0.16664
-0.163605
-0.16212
-0.163205
-0.166974
-0.171094
-0.175997
-0.178649
-0.180129
-0.178736
-0.175722
-0.172584
-0.170134
-0.169135
-0.170202
-0.171528
-0.17448
-0.17572
-0.175947
-0.174689
-0.172999
-0.171696
-0.172349
-0.173097
-0.175902
-0.179175
-0.183697
-0.188959
-0.194702
-0.200825
-0.206021
-0.209624
-0.211281
-0.211114
-0.20899
-0.205038
-0.200816
-0.195995
-0.191126
-0.18527
-0.178853
-0.171437
-0.163398
-0.156611
-0.15199
-0.150793
-0.153285
-0.15873
-0.164831
-0.171409
-0.176091
-0.177881
-0.176372
-0.172283
-0.166365
-0.160308
-0.155723
-0.15314
-0.154068
-0.157835
-0.16296
-0.168214
-0.17127
-0.171772
-0.170777
-0.166838
-0.162568
-0.157366
-0.15473
-0.15367
-0.156057
-0.161782
-0.169518
-0.178861
-0.187652
-0.195241
-0.201539
-0.20533
-0.207569
-0.208043
-0.207588
-0.206842
-0.205535
-0.204388
-0.203173
-0.201116
-0.198424
-0.194474
-0.190435
-0.186233
-0.182099
-0.178872
-0.176375
-0.174968
-0.174171
-0.174486
-0.174929
-0.176507
-0.177329
-0.179024
-0.179911
-0.180514
-0.181968
-0.182577
-0.183624
-0.184017
-0.182818
-0.18107
-0.177154
-0.172244
-0.16624
-0.161546
-0.15939
-0.159995
-0.163454
-0.170047
-0.177951
-0.184723
-0.189404
-0.190862
-0.189117
-0.185045
-0.179937
-0.173631
-0.168046
-0.163293
-0.161108
-0.160304
-0.160853
-0.162535
-0.164841
-0.166172
-0.166804
-0.166363
-0.165704
-0.164691
-0.1641
-0.164156
-0.165521
-0.167088
-0.170035
-0.172348
-0.175543
-0.17914
-0.182112
-0.185237
-0.187958
-0.189681
-0.189874
-0.188664
-0.185389
-0.180454
-0.175273
-0.170155
-0.166825
-0.16614
-0.167387
-0.171785
-0.177976
-0.184801
-0.190757
-0.194756
-0.194613
-0.189648
-0.181457
-0.171359
-0.161135
-0.154697
-0.151564
-0.154163
-0.161025
-0.171268
-0.181842
-0.190764
-0.195917
-0.195656
-0.192066
-0.184716
-0.177119
-0.170497
-0.167415
-0.168379
-0.173354
-0.180381
-0.188976
-0.196905
-0.202145
-0.203805
-0.201643
-0.196024
-0.189124
-0.18282
-0.177764
-0.176437
-0.178293
-0.181572
-0.185385
-0.187927
-0.188489
-0.187108
-0.182741
-0.177363
-0.171112
-0.165091
-0.160636
-0.157076
-0.156116
-0.156249
-0.158426
-0.161491
-0.165198
-0.168291
-0.171007
-0.172245
-0.17264
-0.172413
-0.170871
-0.168865
-0.168536
-0.169075
-0.172191
-0.176754
-0.181643
-0.187213
-0.190851
-0.192047
-0.191036
-0.188706
-0.185483
-0.183187
-0.182432
-0.18391
-0.187959
-0.192847
-0.198026
-0.202608
-0.205794
-0.206693
-0.204595
-0.200623
-0.194314
-0.187464
-0.178856
-0.170541
-0.163891
-0.157878
-0.15482
-0.154328
-0.156699
-0.160805
-0.165954
-0.171531
-0.176332
-0.180175
-0.182424
-0.18334
-0.182377
-0.179848
-0.176022
-0.170888
-0.166292
-0.163072
-0.162573
-0.164781
-0.170775
-0.177494
-0.184543
-0.189727
-0.191916
-0.190604
-0.185318
-0.178248
-0.17021
-0.162205
-0.155757
-0.15274
-0.153493
-0.15622
-0.162592
-0.169958
-0.175916
-0.180808
-0.181999
-0.179821
-0.174699
-0.168054
-0.160255
-0.154206
-0.151786
-0.152574
-0.157103
-0.16511
-0.173991
-0.182275
-0.188959
-0.194032
-0.195476
-0.194398
-0.191384
-0.186988
-0.183247
-0.180371
-0.179476
-0.180902
-0.182876
-0.187273
-0.191579
-0.195227
-0.198008
-0.19911
-0.1978
-0.195265
-0.190509
-0.18623
-0.181009
-0.1759
-0.172908
-0.170807
-0.17084
-0.171653
-0.173866
-0.176601
-0.177873
-0.17796
-0.175711
-0.172489
-0.169082
-0.165588
-0.162922
-0.161781
-0.16212
-0.164916
-0.16828
-0.172125
-0.176404
-0.179997
-0.181964
-0.182645
-0.182302
-0.180686
-0.180171
-0.17973
-0.180833
-0.18338
-0.186444
-0.189482
-0.191801
-0.193291
-0.193271
-0.19389
-0.193283
-0.192861
-0.192709
-0.190834
-0.188983
-0.185164
-0.180192
-0.175514
-0.170365
-0.166639
-0.163048
-0.16075
-0.158659
-0.157153
-0.155826
-0.156277
-0.157475
-0.159426
-0.161448
-0.163451
-0.164507
-0.164389
-0.165022
-0.165922
-0.167734
-0.170875
-0.175557
-0.180184
-0.184703
-0.188373
-0.191556
-0.192376
-0.192229
-0.190572
-0.18871
-0.187208
-0.185419
-0.185404
-0.186363
-0.187564
-0.189301
-0.190771
-0.190385
-0.188469
-0.183941
-0.179258
-0.175112
-0.172195
-0.171687
-0.173858
-0.178636
-0.184046
-0.189003
-0.19289
-0.193119
-0.191482
-0.187345
-0.182446
-0.177615
-0.173055
-0.169758
-0.167764
-0.166674
-0.166091
-0.166381
-0.166636
-0.166327
-0.165091
-0.164968
-0.164602
-0.166074
-0.169328
-0.173174
-0.177091
-0.180674
-0.182811
-0.183268
-0.182777
-0.180125
-0.177648
-0.174358
-0.170683
-0.166877
-0.164254
-0.162634
-0.163462
-0.165754
-0.169589
-0.174357
-0.179647
-0.183538
-0.186373
-0.187388
-0.18788
-0.18729
-0.186877
-0.186083
-0.185918
-0.185459
-0.185665
-0.184722
-0.184582
-0.184589
-0.183359
-0.183155
-0.182764
-0.183306
-0.184152
-0.185414
-0.186739
-0.18718
-0.187146
-0.185928
-0.183126
-0.179106
-0.17433
-0.168502
-0.164271
-0.161483
-0.161171
-0.163177
-0.166603
-0.171339
-0.174998
-0.178218
-0.178767
-0.176586
-0.172932
-0.167919
-0.16321
-0.160239
-0.159529
-0.162063
-0.167372
-0.174011
-0.181432
-0.187918
-0.192481
-0.194398
-0.193375
-0.190503
-0.186576
-0.181357
-0.176978
-0.174502
-0.174458
-0.176119
-0.179717
-0.18307
-0.185754
-0.186623
-0.185984
-0.183662
-0.180772
-0.178229
-0.176773
-0.177192
-0.178831
-0.182262
-0.18585
-0.188889
-0.189871
-0.188723
-0.18401
-0.177338
-0.168359
-0.159569
-0.151553
-0.146903
-0.145909
-0.149127
-0.154773
-0.162264
-0.169224
-0.17409
-0.175828
-0.175398
-0.173332
-0.171316
-0.169793
-0.170755
-0.173644
-0.178973
-0.18657
-0.193855
-0.200992
-0.206266
-0.209342
-0.209433
-0.207284
-0.20258
-0.195719
-0.188871
-0.182559
-0.177477
-0.174051
-0.173667
-0.175863
-0.179826
-0.184201
-0.188633
-0.191722
-0.192726
-0.191511
-0.187981
-0.183902
-0.178943
-0.175456
-0.173003
-0.171888
-0.171617
-0.171772
-0.171503
-0.170995
-0.169569
-0.169012
-0.168206
-0.168454
-0.169962
-0.171052
-0.172539
-0.174208
-0.176065
-0.176633
-0.178426
-0.178993
-0.178626
-0.177132
-0.174567
-0.171905
-0.168516
-0.166011
-0.16428
-0.163214
-0.163015
-0.163051
-0.162979
-0.162977
-0.163152
-0.164651
-0.166042
-0.167579
-0.170143
-0.172288
-0.174927
-0.17726
-0.178145
-0.178981
-0.178743
-0.178441
-0.17691
-0.176634
-0.176504
-0.1781
-0.180203
-0.182246
-0.183538
-0.184248
-0.183227
-0.182765
-0.181967
-0.182563
-0.185083
-0.188038
-0.192863
-0.197264
-0.200932
-0.20297
-0.204535
-0.20499
-0.203725
-0.201615
-0.199052
-0.19608
-0.192339
-0.189025
-0.185157
-0.182007
-0.178173
-0.174709
-0.169906
-0.165539
-0.160817
-0.156615
-0.151575
-0.147446
-0.143663
-0.1416
-0.141337
-0.142655
-0.146637
-0.152487
-0.159288
-0.166452
-0.172422
-0.176379
-0.178884
-0.179507
-0.179134
-0.177977
-0.176826
-0.176699
-0.177002
-0.178916
-0.181027
-0.183489
-0.186289
-0.187723
-0.187876
-0.187162
-0.185055
-0.182089
-0.178675
-0.174321
-0.171148
-0.169357
-0.169747
-0.171113
-0.173896
-0.177322
-0.18077
-0.183808
-0.185869
-0.18725
-0.188235
-0.188886
-0.188577
-0.188028
-0.18732
-0.185992
-0.183781
-0.181029
-0.178518
-0.174959
-0.171861
-0.169294
-0.167725
-0.168897
-0.171651
-0.175162
-0.179852
-0.183539
-0.185386
-0.18476
-0.181711
-0.177764
-0.173526
-0.169825
-0.168206
-0.167945
-0.169428
-0.171302
-0.174172
-0.17613
-0.17728
-0.17757
-0.177964
-0.177768
-0.177756
-0.177428
-0.176602
-0.175672
-0.17552
-0.176194
-0.178237
-0.181012
-0.185627
-0.189849
-0.193147
-0.19421
-0.193098
-0.190091
-0.185073
-0.180716
-0.175221
-0.170998
-0.168019
-0.166003
-0.164599
-0.164337
-0.164531
-0.166073
-0.168428
-0.171402
-0.173937
-0.175976
-0.177448
-0.177476
-0.17641
-0.17485
-0.172919
-0.171057
-0.169764
-0.169188
-0.169272
-0.169291
-0.169419
-0.168524
-0.16759
-0.165888
-0.164163
-0.163276
-0.165182
-0.169046
-0.175076
-0.181224
-0.187293
-0.191816
-0.194623
-0.195967
-0.195747
-0.195037
-0.19492
-0.194641
-0.195293
-0.19544
-0.195926
-0.196267
-0.195481
-0.194075
-0.191233
-0.18741
-0.18282
-0.177704
-0.172733
-0.169465
-0.168252
-0.168458
-0.170156
-0.172399
-0.173584
-0.172969
-0.170027
-0.164808
-0.15863
-0.152191
-0.14706
-0.142485
-0.140204
-0.138468
-0.138068
-0.138794
-0.141066
-0.14514
-0.150864
-0.158969
-0.168029
-0.178304
-0.187358
-0.195517
-0.200068
-0.202384
-0.201285
-0.197319
-0.191892
-0.187014
-0.18342
-0.182139
-0.18268
-0.185275
-0.188151
-0.190154
-0.189919
-0.187008
-0.182063
-0.176259
-0.171825
-0.169321
-0.168509
-0.170249
-0.174994
-0.180324
-0.185127
-0.18848
-0.190366
-0.189834
-0.18687
-0.182782
-0.178176
-0.173716
-0.170034
-0.169104
-0.169403
-0.170969
-0.173427
-0.175483
-0.176453
-0.177761
-0.177162
-0.177403
-0.177326
-0.17771
-0.179858
-0.182353
-0.186211
-0.189696
-0.194014
-0.197914
-0.199488
-0.198576
-0.196364
-0.190908
-0.183995
-0.176029
-0.167844
-0.161254
-0.157102
-0.156577
-0.158281
-0.163058
-0.168302
-0.174186
-0.179341
-0.182751
-0.183683
-0.183758
-0.181855
-0.179498
-0.17566
-0.172359
-0.169736
-0.167699
-0.166696
-0.166888
-0.168644
-0.169827
-0.171655
-0.1736
-0.175302
-0.176686
-0.177948
-0.180243
-0.183371
-0.185842
-0.188342
-0.189951
-0.191236
-0.190345
-0.189139
-0.187018
-0.185237
-0.183397
-0.18243
-0.180821
-0.17953
-0.176904
-0.173935
-0.169914
-0.165503
-0.160933
-0.156755
-0.154326
-0.153028
-0.153458
-0.156194
-0.159768
-0.162883
-0.166135
-0.167633
-0.168513
-0.16964
-0.170827
-0.173151
-0.176135
-0.179587
-0.182421
-0.184801
-0.186121
-0.18658
-0.186027
-0.184653
-0.182286
-0.180701
-0.179168
-0.17964
-0.181586
-0.184779
-0.189041
-0.193392
-0.196936
-0.198605
-0.197443
-0.19403
-0.188127
-0.181244
-0.174676
-0.169915
-0.167098
-0.165952
-0.166188
-0.167845
-0.16907
-0.168917
-0.167725
-0.165372
-0.162152
-0.159158
-0.157302
-0.15692
-0.158042
-0.160184
-0.164192
-0.168119
-0.172186
-0.17483
-0.176399
-0.176949
-0.178074
-0.179163
-0.180369
-0.183325
-0.185921
-0.189101
-0.191315
-0.192584
-0.192209
-0.190692
-0.188213
-0.18521
-0.182606
-0.181307
-0.18115
-0.18085
-0.181452
-0.180682
-0.17904
-0.176227
-0.173532
-0.170713
-0.169698
-0.169254
-0.171458
-0.175005
-0.180466
-0.18647
-0.192166
-0.196669
-0.199716
-0.2007
-0.199292
-0.195841
-0.191331
-0.186008
-0.179882
-0.174911
-0.170454
-0.167937
-0.166335
-0.164853
-0.16398
-0.162522
-0.161437
-0.160233
-0.15957
-0.159877
-0.161427
-0.163683
-0.16587
-0.1678
-0.169498
-0.170628
-0.171774
-0.173531
-0.176638
-0.179881
-0.182368
-0.1833
-0.182076
-0.17871
-0.173377
-0.166786
-0.161142
-0.157178
-0.156685
-0.160009
-0.166484
-0.175732
-0.18463
-0.192603
-0.198726
-0.201898
-0.201747
-0.199538
-0.19519
-0.191186
-0.187105
-0.18523
-0.184075
-0.184396
-0.186059
-0.187281
-0.187206
-0.185754
-0.181813
-0.176542
-0.170397
-0.16411
-0.159642
-0.156881
-0.156191
-0.157719
-0.159982
-0.163002
-0.166308
-0.16862
-0.170753
-0.17152
-0.171901
-0.171772
-0.172053
-0.172028
-0.173432
-0.175063
-0.176621
-0.178929
-0.180773
-0.182013
-0.182495
-0.183136
-0.184123
-0.184992
-0.186994
-0.190361
-0.193979
-0.198429
-0.202591
-0.205121
-0.206857
-0.206373
-0.203205
-0.199142
-0.193004
-0.184812
-0.176267
-0.166596
-0.157819
-0.150476
-0.14557
-0.144494
-0.146349
-0.151101
-0.157565
-0.16391
-0.168941
-0.171864
-0.172614
-0.171233
-0.168455
-0.165231
-0.162934
-0.162853
-0.16399
-0.167792
-0.172512
-0.177198
-0.17973
-0.181079
-0.178915
-0.174217
-0.168098
-0.162025
-0.157312
-0.154867
-0.156101
-0.159768
-0.166906
-0.174829
-0.183302
-0.191043
-0.197573
-0.201844
-0.203801
-0.203468
-0.201612
-0.19697
-0.192152
-0.186781
-0.181866
-0.178485
-0.176021
-0.174871
-0.17444
-0.174894
-0.175738
-0.176027
-0.176388
-0.174326
-0.171745
-0.169021
-0.166481
-0.164716
-0.165391
-0.168798
-0.174585
-0.181097
-0.188111
-0.193703
-0.196991
-0.197458
-0.195112
-0.191076
-0.186287
-0.181443
-0.178476
-0.17709
-0.176699
-0.177756
-0.179024
-0.180273
-0.181003
-0.179725
-0.177184
-0.173329
-0.169099
-0.164915
-0.163279
-0.162427
-0.163906
-0.166349
-0.16901
-0.170807
-0.172672
-0.173347
-0.172306
-0.171133
-0.169345
-0.167678
-0.166114
-0.166413
-0.167265
-0.169603
-0.172578
-0.176578
-0.180079
-0.183052
-0.184329
-0.184163
-0.183733
-0.183185
-0.182272
-0.182583
-0.18366
-0.184902
-0.186261
-0.186587
-0.18591
-0.183577
-0.182116
-0.180544
-0.180144
-0.181532
-0.184488
-0.188165
-0.192681
-0.195172
-0.194925
-0.191778
-0.185293
-0.177111
-0.168752
-0.162354
-0.158682
-0.158771
-0.161958
-0.167276
-0.173801
-0.179659
-0.183607
-0.186141
-0.185661
-0.184296
-0.182487
-0.180661
-0.17994
-0.180131
-0.182165
-0.186437
-0.191111
-0.194509
-0.196882
-0.195952
-0.191612
-0.183398
-0.173534
-0.163168
-0.154752
-0.148989
-0.146594
-0.147428
-0.15051
-0.154984
-0.158358
-0.160583
-0.161609
-0.160806
-0.159043
-0.156893
-0.15554
-0.154623
-0.156481
-0.16064
-0.16595
-0.172282
-0.179227
-0.184574
-0.187937
-0.190646
-0.191831
-0.193415
-0.193242
-0.193218
-0.192098
-0.190681
-0.187266
-0.183077
-0.178544
-0.175195
-0.171595
-0.170115
-0.170133
-0.172289
-0.175966
-0.180837
-0.185933
-0.19183
-0.194775
-0.195498
-0.19382
-0.189145
-0.183036
-0.177557
-0.172621
-0.170099
-0.170249
-0.171596
-0.175126
-0.17895
-0.183133
-0.186723
-0.18934
-0.190318
-0.189185
-0.186221
-0.18151
-0.177176
-0.173576
-0.17041
-0.168201
-0.166428
-0.165827
-0.165022
-0.165319
-0.166368
-0.169493
-0.17266
-0.176165
-0.179144
-0.180748
-0.181
-0.180044
-0.178569
-0.176521
-0.174946
-0.173383
-0.172489
-0.172354
-0.171355
-0.170739
-0.170376
-0.169852
-0.168832
-0.165925
-0.16257
-0.1597
-0.156916
-0.155739
-0.157059
-0.160686
-0.16559
-0.171227
-0.176316
-0.179887
-0.182899
-0.184255
-0.186084
-0.188551
-0.191139
-0.194379
-0.197639
-0.200093
-0.200431
-0.199826
-0.198175
-0.195372
-0.192773
-0.191148
-0.189901
-0.189759
-0.189744
-0.19112
-0.192203
-0.193398
-0.192983
-0.191157
-0.187194
-0.181076
-0.174607
-0.168347
-0.163312
-0.161824
-0.162152
-0.165709
-0.169111
-0.172593
-0.175852
-0.176027
-0.174984
-0.171933
-0.168911
-0.166081
-0.164381
-0.165
-0.166644
-0.170955
-0.174668
-0.178214
-0.179592
-0.178553
-0.174182
-0.168952
-0.162815
-0.158096
-0.155686
-0.155251
-0.158092
-0.162105
-0.16652
-0.171362
-0.175206
-0.17819
-0.18032
-0.182301
-0.183627
-0.185832
-0.187191
-0.18904
-0.191242
-0.192401
-0.19296
-0.191298
-0.188658
-0.185131
-0.180459
-0.176437
-0.172606
-0.169716
-0.16743
-0.165392
-0.163994
-0.16189
-0.160736
-0.160282
-0.161034
-0.162903
-0.165734
-0.169222
-0.174211
-0.180678
-0.187308
-0.193594
-0.197733
-0.199256
-0.19796
-0.193299
-0.186749
-0.180889
-0.176178
-0.174632
-0.174636
-0.176211
-0.177562
-0.179207
-0.180057
-0.179463
-0.179346
-0.179778
-0.180321
-0.181037
-0.180694
-0.180452
-0.179684
-0.177932
-0.1754
-0.173109
-0.170103
-0.166809
-0.164327
-0.162374
-0.161129
-0.161044
-0.161861
-0.162259
-0.164384
-0.166484
-0.168714
-0.17169
-0.174748
-0.178271
-0.183297
-0.187919
-0.191871
-0.194956
-0.195873
-0.194272
-0.190294
-0.184358
-0.177905
-0.171639
-0.165871
-0.162051
-0.159829
-0.159372
-0.160177
-0.162703
-0.165937
-0.169546
-0.172666
-0.175017
-0.176233
-0.176837
-0.1773
-0.179134
-0.181586
-0.185453
-0.188838
-0.191516
-0.19231
-0.191197
-0.18764
-0.183714
-0.180123
-0.177905
-0.177475
-0.178429
-0.180648
-0.182888
-0.1856
-0.188435
-0.189719
-0.190456
-0.1905
-0.189854
-0.188125
-0.186396
-0.184459
-0.183028
-0.181405
-0.18014
-0.179439
-0.178341
-0.17682
-0.17443
-0.171282
-0.167864
-0.164244
-0.161918
-0.160907
-0.161857
-0.16428
-0.166716
-0.169344
-0.171027
-0.172263
-0.172711
-0.173197
-0.174587
-0.176373
-0.17823
-0.179359
-0.179532
-0.176908
-0.173479
-0.16881
-0.164298
-0.160335
-0.157816
-0.156241
-0.15652
-0.157981
-0.161857
-0.16877
-0.176716
-0.185557
-0.193929
-0.200026
-0.202183
-0.201449
-0.197852
-0.191651
-0.184077
-0.178289
-0.173157
-0.171046
-0.169696
-0.17009
-0.171361
-0.171536
-0.172017
-0.171465
-0.170441
-0.170199
-0.169724
-0.170075
-0.170866
-0.172937
-0.175588
-0.177862
-0.180778
-0.18286
-0.184778
-0.186315
-0.186432
-0.186586
-0.186451
-0.185058
-0.183614
-0.181195
-0.178854
-0.176097
-0.175191
-0.174021
-0.172844
-0.174463
-0.176075
-0.178056
-0.1799
-0.180435
-0.179755
-0.177785
-0.174378
-0.169869
-0.16629
-0.163909
-0.163098
-0.16417
-0.16721
-0.171187
-0.176212
-0.18084
-0.184407
-0.186096
-0.185996
-0.183619
-0.180085
-0.175997
-0.173272
-0.172437
-0.173392
-0.177212
-0.180769
-0.185205
-0.187835
-0.188439
-0.186965
-0.184429
-0.180752
-0.176813
-0.173792
-0.172973
-0.173323
-0.174239
-0.176875
-0.17808
-0.179728
-0.179254
-0.177861
-0.175216
-0.172377
-0.170055
-0.169784
-0.17155
-0.174618
-0.177904
-0.180951
-0.181802
-0.179976
-0.175575
-0.168884
-0.161341
-0.154597
-0.150223
-0.149526
-0.151574
-0.1585
-0.167831
-0.17843
-0.188956
-0.198582
-0.204918
-0.208738
-0.208655
-0.206117
-0.201131
-0.194893
-0.188332
-0.182653
-0.178841
-0.176237
-0.175827
-0.175056
-0.176614
-0.177862
-0.178633
-0.179647
-0.180404
-0.180312
-0.178141
-0.175432
-0.171411
-0.167251
-0.164228
-0.162786
-0.162566
-0.166026
-0.169449
-0.173732
-0.177231
-0.179369
-0.178698
-0.176407
-0.172558
-0.167776
-0.163985
-0.161659
-0.162064
-0.165909
-0.169783
-0.175168
-0.180035
-0.182708
-0.182776
-0.181244
-0.1773
-0.173924
-0.171985
-0.170433
-0.172837
-0.176814
-0.182975
-0.189135
-0.194196
-0.196763
-0.195415
-0.191579
-0.185808
-0.179965
-0.175042
-0.173341
-0.174448
-0.178674
-0.184056
-0.189492
-0.19263
-0.19313
-0.191562
-0.18715
-0.182765
-0.177679
-0.173585
-0.169654
-0.166844
-0.164912
-0.165375
-0.167427
-0.170757
-0.175634
-0.180699
-0.186236
-0.190084
-0.19195
-0.191017
-0.188264
-0.183081
-0.177606
-0.171071
-0.165334
-0.160586
-0.156678
-0.153805
-0.151451
-0.150615
-0.149801
-0.150849
-0.152458
-0.154231
-0.155459
-0.155873
-0.156935
-0.157584
-0.159465
-0.163222
-0.167914
-0.174519
-0.181711
-0.18858
-0.194862
-0.198944
-0.20154
-0.202171
-0.202178
-0.20144
-0.200464
-0.198455
-0.194366
-0.188072
-0.18001
-0.170745
-0.162803
-0.155564
-0.152009
-0.151129
-0.153819
-0.158286
-0.164637
-0.170486
-0.175345
-0.179185
-0.181166
-0.181512
-0.180725
-0.179159
-0.177496
-0.175999
-0.177136
-0.179051
-0.182267
-0.184422
-0.186834
-0.187191
-0.186467
-0.184166
-0.181212
-0.178852
-0.177253
-0.177843
-0.179833
-0.182946
-0.18553
-0.186439
-0.185536
-0.182697
-0.179399
-0.175271
-0.172566
-0.170889
-0.17203
-0.174986
-0.17914
-0.183133
-0.186446
-0.18755
-0.186366
-0.185038
-0.182451
-0.181018
-0.181381
-0.183214
-0.18608
-0.189229
-0.190746
-0.191385
-0.189722
-0.186727
-0.180921
-0.175601
-0.170022
-0.165118
-0.160117
-0.156678
-0.15406
-0.15237
-0.152466
-0.152495
-0.153472
-0.15464
-0.156155
-0.157723
-0.159055
-0.161425
-0.163316
-0.166388
-0.169698
-0.173312
-0.17698
-0.180691
-0.183049
-0.183965
-0.183494
-0.18139
-0.179185
-0.176486
-0.174278
-0.17361
-0.174557
-0.176999
-0.180943
-0.1863
-0.190863
-0.194088
-0.1961
-0.196361
-0.194432
-0.19209
-0.189006
-0.186611
-0.185208
-0.184762
-0.184499
-0.184448
-0.184689
-0.18377
-0.183145
-0.182249
-0.180782
-0.178854
-0.176302
-0.173287
-0.170033
-0.166242
-0.163034
-0.15974
-0.156508
-0.154507
-0.154047
-0.154678
-0.156305
-0.16004
-0.1647
-0.170188
-0.175625
-0.180129
-0.182837
-0.183589
-0.182608
-0.180485
-0.178239
-0.176604
-0.176362
-0.178047
-0.180731
-0.184461
-0.187325
-0.188689
-0.188229
-0.184345
-0.178844
-0.171805
-0.164953
-0.159073
-0.15498
-0.154269
-0.156194
-0.159814
-0.165048
-0.170841
-0.176256
-0.179986
-0.181611
-0.18123
-0.179039
-0.175641
-0.172579
-0.17035
-0.170819
-0.172828
-0.175792
-0.180401
-0.184266
-0.188193
-0.190451
-0.19151
-0.192078
-0.1915
-0.191568
-0.190241
-0.188466
-0.187034
-0.184907
-0.182837
-0.181131
-0.179322
-0.177919
-0.176529
-0.17612
-0.175639
-0.175748
-0.175316
-0.174247
-0.172484
-0.169924
-0.167004
-0.163924
-0.161637
-0.161378
-0.161507
-0.163434
-0.166432
-0.16849
-0.170384
-0.171103
-0.171435
-0.17079
-0.169656
-0.169295
-0.169412
-0.171488
-0.175248
-0.180777
-0.186451
-0.19133
-0.194116
-0.194213
