0.0
-0.001581
-0.00644
-0.013889
-0.02307
-0.033528
-0.043672
-0.053321
-0.061832
-0.069231
-0.075603
-0.080968
-0.085818
-0.090806
-0.095648
-0.100389
-0.10472
-0.108202
-0.11062
-0.111684
-0.111703
-0.110776
-0.109437
-0.107952
-0.106611
-0.105475
-0.104653
-0.103778
-0.102936
-0.101378
-0.099363
-0.096586
-0.093075
-0.088895
-0.084455
-0.079757
-0.075365
-0.071422
-0.068125
-0.065562
-0.063629
-0.062157
-0.061693
-0.061522
-0.061851
-0.062868
-0.064623
-0.066882
-0.070039
-0.073747
-0.077323
-0.080801
-0.083793
-0.086079
-0.087378
-0.087996
-0.088066
-0.087445
-0.086767
-0.086039
-0.085518
-0.085298
-0.084942
-0.085121
-0.084897
-0.085027
-0.084908
-0.084624
-0.084102
-0.083408
-0.082477
-0.08113
-0.079563
-0.077953
-0.076023
-0.074118
-0.072227
-0.070876
-0.069818
-0.069521
-0.069706
-0.070185
-0.070928
-0.071765
-0.07259
-0.073069
-0.073715
-0.073999
-0.074193
-0.074574
-0.074942
-0.075431
-0.075683
-0.076067
-0.076091
-0.076142
-0.076253
-0.076401
-0.076684
-0.077152
-0.077085
-0.077222
-0.077309
-0.076735
-0.076435
-0.076179
-0.076076
-0.076196
-0.076869
-0.077406
-0.078309
-0.079047
-0.079986
-0.08056
-0.0808
-0.081303
-0.081123
-0.080978
-0.080433
-0.080154
-0.079949
-0.079755
-0.079815
-0.080229
-0.080446
-0.080966
-0.081076
-0.080917
-0.079934
-0.078554
-0.076404
-0.073924
-0.071589
-0.069499
-0.067464
-0.065901
-0.064659
-0.064826
-0.06527
-0.066041
-0.067314
-0.069174
-0.071053
-0.07329
-0.07548
-0.077798
-0.079796
-0.081766
-0.083119
-0.084326
-0.085474
-0.086449
-0.087475
-0.088453
-0.089147
-0.090361
-0.091258
-0.092303
-0.093223
-0.09412
-0.094604
-0.095273
-0.09582
-0.096249
-0.096936
-0.09762
-0.097975
-0.0981
-0.097712
-0.096343
-0.094218
-0.091251
-0.087485
-0.083288
-0.078789
-0.074748
-0.071217
-0.068001
-0.065576
-0.063809
-0.06248
-0.061482
-0.060935
-0.06032
-0.059946
-0.059999
-0.060332
-0.060648
-0.061368
-0.062189
-0.062725
-0.063249
-0.063455
-0.06323
-0.062596
-0.061824
-0.06169
-0.061614
-0.061926
-0.063025
-0.064635
-0.066674
-0.069356
-0.072055
-0.075135
-0.078467
-0.081732
-0.085061
-0.088254
-0.09122
-0.093449
-0.095254
-0.096532
-0.097235
-0.096985
-0.096253
-0.095399
-0.093901
-0.092518
-0.091778
-0.090899
-0.090319
-0.089788
-0.089657
-0.08934
-0.088828
-0.088075
-0.087039
-0.085707
-0.084458
-0.083128
-0.081873
-0.080217
-0.07861
-0.076632
-0.073859
-0.071045
-0.067684
-0.063972
-0.060515
-0.057034
-0.054519
-0.052799
-0.052247
-0.052204
-0.053225
-0.055274
-0.057182
-0.059649
-0.061928
-0.063989
-0.066291
-0.068445
-0.070491
-0.072613
-0.07508
-0.077356
-0.079657
-0.082102
-0.084358
-0.086528
-0.088404
-0.089966
-0.091376
-0.092212
-0.092854
-0.0932
-0.092888
-0.092197
-0.090837
-0.088938
-0.08682
-0.084752
-0.082399
-0.080119
-0.07824
-0.076837
-0.075437
-0.074192
-0.073433
-0.072195
-0.071637
-0.07119
-0.070892
-0.070992
-0.071527
-0.072572
-0.074011
-0.075616
-0.077026
-0.07862
-0.080111
-0.081353
-0.082494
-0.083606
-0.084656
-0.085736
-0.086805
-0.08822
-0.089643
-0.09118
-0.092607
-0.094158
-0.095469
-0.096206
-0.096228
-0.096427
-0.095618
-0.094196
-0.092406
-0.09004
-0.087253
-0.084318
-0.081144
-0.077998
-0.074903
-0.071909
-0.069454
-0.067375
-0.065654
-0.064337
-0.063778
-0.063379
-0.063154
-0.063635
-0.063954
-0.064484
-0.065146
-0.065619
-0.066006
-0.066297
-0.06625
-0.066173
-0.065958
-0.065829
-0.066316
-0.066853
-0.068383
-0.070487
-0.072931
-0.076094
-0.079554
-0.082596
-0.086006
-0.088979
-0.091674
-0.09384
-0.095534
-0.096195
-0.096659
-0.096241
-0.095507
-0.094203
-0.092303
-0.090263
-0.087881
-0.085633
-0.083634
-0.081676
-0.080243
-0.079313
-0.078667
-0.078191
-0.077941
-0.077711
-0.077278
-0.076736
-0.076275
-0.075747
-0.074923
-0.074239
-0.073549
-0.072169
-0.070593
-0.068767
-0.065891
-0.062952
-0.060035
-0.057382
-0.055504
-0.055341
-0.055655
-0.057628
-0.061054
-0.065021
-0.069464
-0.073862
-0.077661
-0.080707
-0.083108
-0.084688
-0.085489
-0.086422
-0.087259
-0.087987
-0.088735
-0.089373
-0.089886
-0.090252
-0.090141
-0.089902
-0.089375
-0.089148
-0.088835
-0.088949
-0.089423
-0.089822
-0.091016
-0.092086
-0.092825
-0.093577
-0.09342
-0.093036
-0.091665
-0.089279
-0.086862
-0.084106
-0.081158
-0.078478
-0.0762
-0.073792
-0.07199
-0.070372
-0.06907
-0.068484
-0.067841
-0.067543
-0.0675
-0.067319
-0.066899
-0.066453
-0.066056
-0.065792
-0.065589
-0.065602
-0.065887
-0.066724
-0.067572
-0.06784
-0.06859
-0.069102
-0.069274
-0.069389
-0.069396
-0.069229
-0.069343
-0.06943
-0.069848
-0.070753
-0.071601
-0.07261
-0.073832
-0.074619
-0.075132
-0.075779
-0.07647
-0.076936
-0.077585
-0.078668
-0.079787
-0.081049
-0.082254
-0.083181
-0.084137
-0.08468
-0.084821
-0.084619
-0.084174
-0.083577
-0.082919
-0.08206
-0.081085
-0.080624
-0.079723
-0.079075
-0.078734
-0.077971
-0.077888
-0.078091
-0.078797
-0.079985
-0.081095
-0.081988
-0.082765
-0.083291
-0.083266
-0.082543
-0.081277
-0.079924
-0.078387
-0.077093
-0.076079
-0.075576
-0.075663
-0.075911
-0.076716
-0.077562
-0.078549
-0.079422
-0.0802
-0.080822
-0.081647
-0.082242
-0.082756
-0.083121
-0.083047
-0.082548
-0.081628
-0.079658
-0.077562
-0.075014
-0.072092
-0.069027
-0.066173
-0.063695
-0.061914
-0.061074
-0.061132
-0.061616
-0.063089
-0.064906
-0.066727
-0.068694
-0.070639
-0.071986
-0.073241
-0.074146
-0.075017
-0.076136
-0.076876
-0.07811
-0.079388
-0.08078
-0.082648
-0.084293
-0.085852
-0.08731
-0.088591
-0.089618
-0.090779
-0.091921
-0.093447
-0.095479
-0.097371
-0.099378
-0.101045
-0.102445
-0.102606
-0.102517
-0.100377
-0.097667
-0.094006
-0.090106
-0.08538
-0.081449
-0.077876
-0.074794
-0.072539
-0.071177
-0.070027
-0.069001
-0.068318
-0.06801
-0.067267
-0.066894
-0.06679
-0.066913
-0.067231
-0.067803
-0.06846
-0.069268
-0.069478
-0.069564
-0.069417
-0.068995
-0.068837
-0.068842
-0.069237
-0.069748
-0.0706
-0.072086
-0.073386
-0.075008
-0.076263
-0.077918
-0.079427
-0.080892
-0.082615
-0.084561
-0.086468
-0.088352
-0.089823
-0.090283
-0.090384
-0.089831
-0.088361
-0.08632
-0.084196
-0.082052
-0.080448
-0.078974
-0.078458
-0.078105
-0.078451
-0.078558
-0.078858
-0.079079
-0.078691
-0.078202
-0.077757
-0.076886
-0.076413
-0.0762
-0.075754
-0.075229
-0.074731
-0.0738
-0.072641
-0.071058
-0.069341
-0.067786
-0.06671
-0.066265
-0.065949
-0.066252
-0.066842
-0.067911
-0.068773
-0.069969
-0.0709
-0.071572
-0.072262
-0.073132
-0.073846
-0.074725
-0.075892
-0.076979
-0.07765
-0.07873
-0.079691
-0.080754
-0.081745
-0.08292
-0.084038
-0.085042
-0.08616
-0.087453
-0.088328
-0.089341
-0.089881
-0.090142
-0.09029
-0.090495
-0.09059
-0.090384
-0.089885
-0.0894
-0.088512
-0.087315
-0.085999
-0.084368
-0.082222
-0.080577
-0.078947
-0.077658
-0.076672
-0.075764
-0.075923
-0.076072
-0.07634
-0.076831
-0.077109
-0.07743
-0.077431
-0.077635
-0.077695
-0.078024
-0.078555
-0.079307
-0.080229
-0.081129
-0.081981
-0.082296
-0.082623
-0.082607
-0.082256
-0.081547
-0.08045
-0.079181
-0.0776
-0.075639
-0.0734
-0.071097
-0.068379
-0.065807
-0.063566
-0.061675
-0.059983
-0.059083
-0.058475
-0.05849
-0.058467
-0.058591
-0.05886
-0.058881
-0.05914
-0.059157
-0.059581
-0.060177
-0.061061
-0.061915
-0.063336
-0.064706
-0.066249
-0.067544
-0.069021
-0.070553
-0.072152
-0.074137
-0.076443
-0.079221
-0.081927
-0.084976
-0.088122
-0.090925
-0.09372
-0.095871
-0.097226
-0.098156
-0.098668
-0.09864
-0.097978
-0.097345
-0.096492
-0.095015
-0.093956
-0.092526
-0.091092
-0.089763
-0.088086
-0.086361
-0.084933
-0.083175
-0.081745
-0.080637
-0.079924
-0.078907
-0.078363
-0.077559
-0.076843
-0.076215
-0.075624
-0.074644
-0.073891
-0.073083
-0.072648
-0.071997
-0.071698
-0.071773
-0.072099
-0.07276
-0.073315
-0.074398
-0.075437
-0.076297
-0.077364
-0.078171
-0.078962
-0.079324
-0.079635
-0.08008
-0.080152
-0.080554
-0.080949
-0.081437
-0.081674
-0.082349
-0.082978
-0.083414
-0.084089
-0.084788
-0.084895
-0.085297
-0.085473
-0.085465
-0.085518
-0.085133
-0.08462
-0.083867
-0.082892
-0.081908
-0.080939
-0.079455
-0.078328
-0.076834
-0.075821
-0.074301
-0.073178
-0.07203
-0.071217
-0.070189
-0.069817
-0.069226
-0.069258
-0.069237
-0.069758
-0.070293
-0.070955
-0.071391
-0.072042
-0.072312
-0.072531
-0.072511
-0.072551
-0.072331
-0.072013
-0.072035
-0.072201
-0.072328
-0.073035
-0.073062
-0.073461
-0.073314
-0.073102
-0.072488
-0.072319
-0.071511
-0.071142
-0.070904
-0.071266
-0.072046
-0.073139
-0.074255
-0.075583
-0.076893
-0.07841
-0.079784
-0.081041
-0.082165
-0.082962
-0.083655
-0.084101
-0.084492
-0.084735
-0.084772
-0.084827
-0.084802
-0.084431
-0.084032
-0.083784
-0.083529
-0.08336
-0.083428
-0.083466
-0.083297
-0.083244
-0.083044
-0.082817
-0.083101
-0.083017
-0.08332
-0.083792
-0.0843
-0.084934
-0.085273
-0.085549
-0.085015
-0.084159
-0.083043
-0.081589
-0.079624
-0.078274
-0.076762
-0.075817
-0.075232
-0.07525
-0.075418
-0.075614
-0.076189
-0.076414
-0.076752
-0.076245
-0.076003
-0.075228
-0.074223
-0.072904
-0.071298
-0.069878
-0.067809
-0.065929
-0.063967
-0.062408
-0.06127
-0.060311
-0.060283
-0.060875
-0.061609
-0.06257
-0.06401
-0.065264
-0.066754
-0.068031
-0.069212
-0.070796
-0.072454
-0.074541
-0.076879
-0.079366
-0.082206
-0.084711
-0.086864
-0.088531
-0.089466
-0.089548
-0.088903
-0.087925
-0.086546
-0.085856
-0.085291
-0.085241
-0.085952
-0.086808
-0.088012
-0.088906
-0.089439
-0.08947
-0.088794
-0.087525
-0.085714
-0.083143
-0.080489
-0.077243
-0.074259
-0.071414
-0.069171
-0.066934
-0.065369
-0.063939
-0.063117
-0.062555
-0.062006
-0.061631
-0.061492
-0.061426
-0.061153
-0.06155
-0.062397
-0.063275
-0.064998
-0.066542
-0.068607
-0.071072
-0.073224
-0.075405
-0.077296
-0.078837
-0.079683
-0.080234
-0.080445
-0.080477
-0.080164
-0.080151
-0.080313
-0.080501
-0.081438
-0.082442
-0.083703
-0.085087
-0.086183
-0.086876
-0.0873
-0.087194
-0.086625
-0.085906
-0.08485
-0.083866
-0.082822
-0.081993
-0.081241
-0.080692
-0.080461
-0.079983
-0.080182
-0.079876
-0.080119
-0.080122
-0.080171
-0.080524
-0.080823
-0.081113
-0.081134
-0.081345
-0.081338
-0.081034
-0.080918
-0.080537
-0.080148
-0.079891
-0.079599
-0.079561
-0.079818
-0.07988
-0.080455
-0.080854
-0.081385
-0.081909
-0.082219
-0.082324
-0.082497
-0.082027
-0.081752
-0.081118
-0.080463
-0.079588
-0.078798
-0.078017
-0.077097
-0.076162
-0.075266
-0.074088
-0.073078
-0.072155
-0.071338
-0.070417
-0.069744
-0.069251
-0.068406
-0.068195
-0.068058
-0.068272
-0.068555
-0.069224
-0.069955
-0.07083
-0.071611
-0.072475
-0.073212
-0.073583
-0.074123
-0.073998
-0.074319
-0.074426
-0.074909
-0.076013
-0.077658
-0.079402
-0.081171
-0.082865
-0.08429
-0.085012
-0.08498
-0.084699
-0.083994
-0.083308
-0.08292
-0.082984
-0.083225
-0.084095
-0.085256
-0.086009
-0.086212
-0.086049
-0.084749
-0.083011
-0.080706
-0.078317
-0.075277
-0.072834
-0.070384
-0.068415
-0.066501
-0.065122
-0.063654
-0.061919
-0.060508
-0.059515
-0.058345
-0.058042
-0.058328
-0.059613
-0.061292
-0.064121
-0.067235
-0.070579
-0.073558
-0.076146
-0.077959
-0.079732
-0.080937
-0.081679
-0.08246
-0.083598
-0.08452
-0.085512
-0.086591
-0.087678
-0.088443
-0.08919
-0.089928
-0.090477
-0.09153
-0.092076
-0.092886
-0.093467
-0.094093
-0.094101
-0.093898
-0.093201
-0.092234
-0.090719
-0.089323
-0.087641
-0.086161
-0.084489
-0.082856
-0.081187
-0.079248
-0.077467
-0.075265
-0.073808
-0.072236
-0.071232
-0.070742
-0.070315
-0.070171
-0.070365
-0.070479
-0.070712
-0.070357
-0.070037
-0.069256
-0.068596
-0.067808
-0.066932
-0.066411
-0.065916
-0.065501
-0.065088
-0.064738
-0.064184
-0.064092
-0.063913
-0.063819
-0.063847
-0.06434
-0.065352
-0.066181
-0.067304
-0.068406
-0.068913
-0.069949
-0.070808
-0.071778
-0.073156
-0.074182
-0.076182
-0.078597
-0.081029
-0.083334
-0.085251
-0.086969
-0.087989
-0.088424
-0.088354
-0.08793
-0.08756
-0.086922
-0.086495
-0.086116
-0.085787
-0.085521
-0.085055
-0.084412
-0.083273
-0.081956
-0.080246
-0.078301
-0.076086
-0.073978
-0.07202
-0.070501
-0.069182
-0.06851
-0.068154
-0.06844
-0.069646
-0.070991
-0.072792
-0.074717
-0.076497
-0.078041
-0.079461
-0.080606
-0.081634
-0.082523
-0.083961
-0.085262
-0.086746
-0.08894
-0.090891
-0.09233
-0.093304
-0.093456
-0.092446
-0.090809
-0.08815
-0.085466
-0.082792
-0.080609
-0.078774
-0.077378
-0.076499
-0.075935
-0.07463
-0.073249
-0.07111
-0.068869
-0.066442
-0.063915
-0.061883
-0.060214
-0.059422
-0.05876
-0.059331
-0.060043
-0.06104
-0.062186
-0.064007
-0.066182
-0.068633
-0.071405
-0.074442
-0.078103
-0.081782
-0.085264
-0.088877
-0.091846
-0.094302
-0.096593
-0.097977
-0.09903
-0.099511
-0.099947
-0.099755
-0.099378
-0.098791
-0.097547
-0.09552
-0.093075
-0.09019
-0.086971
-0.084297
-0.081417
-0.079193
-0.077052
-0.075101
-0.073617
-0.072115
-0.070203
-0.067981
-0.065743
-0.063376
-0.061316
-0.059254
-0.057792
-0.056746
-0.05628
-0.056072
-0.056491
-0.057153
-0.058074
-0.059293
-0.060925
-0.062694
-0.064501
-0.066539
-0.068076
-0.069977
-0.071285
-0.072747
-0.074884
-0.076966
-0.07927
-0.082545
-0.085794
-0.089487
-0.093044
-0.096053
-0.098289
-0.09921
-0.098781
-0.09725
-0.095096
-0.092403
-0.08986
-0.087255
-0.085295
-0.084328
-0.083601
-0.083551
-0.083141
-0.082307
-0.080812
-0.078729
-0.07594
-0.07317
-0.070836
-0.068627
-0.067034
-0.06647
-0.066541
-0.067381
-0.068147
-0.06853
-0.068911
-0.068749
-0.067731
-0.066502
-0.065226
-0.064087
-0.062827
-0.061979
-0.061956
-0.062212
-0.062953
-0.064257
-0.065393
-0.066875
-0.068583
-0.070068
-0.07156
-0.073187
-0.074174
-0.075278
-0.075868
-0.076452
-0.076575
-0.07712
-0.077712
-0.078501
-0.079623
-0.08097
-0.082329
-0.083854
-0.08535
-0.086504
-0.086921
-0.087334
-0.087077
-0.086613
-0.086199
-0.085493
-0.08486
-0.084613
-0.084406
-0.084397
-0.084376
-0.084466
-0.08422
-0.083686
-0.082825
-0.081988
-0.080602
-0.079104
-0.077946
-0.076952
-0.076455
-0.076296
-0.076781
-0.077201
-0.078282
-0.078943
-0.079539
-0.07967
-0.079108
-0.078591
-0.077714
-0.077023
-0.076464
-0.076137
-0.076075
-0.076783
-0.077481
-0.078105
-0.078673
-0.078817
-0.078624
-0.077758
-0.076245
-0.074274
-0.072465
-0.070332
-0.068707
-0.067106
-0.06591
-0.064897
-0.06423
-0.06349
-0.063224
-0.063162
-0.062896
-0.062829
-0.062978
-0.063342
-0.063868
-0.064908
-0.066016
-0.067421
-0.068853
-0.070156
-0.071119
-0.072089
-0.072752
-0.072995
-0.073276
-0.073769
-0.07382
-0.074539
-0.075109
-0.076105
-0.07717
-0.078153
-0.079289
-0.080599
-0.081901
-0.083271
-0.084366
-0.085413
-0.086399
-0.087006
-0.087723
-0.087826
-0.088124
-0.088959
-0.088934
-0.089658
-0.090418
-0.090922
-0.091576
-0.091968
-0.092509
-0.092255
-0.092038
-0.091741
-0.091287
-0.090663
-0.090202
-0.089485
-0.088811
-0.087613
-0.086311
-0.084376
-0.082001
-0.07931
-0.0764
-0.073618
-0.070887
-0.06819
-0.0664
-0.064884
-0.063983
-0.063648
-0.063633
-0.064092
-0.064386
-0.064515
-0.064635
-0.064782
-0.06484
-0.065319
-0.065771
-0.066741
-0.068124
-0.069957
-0.072021
-0.074755
-0.0771
-0.080105
-0.083255
-0.086375
-0.089477
-0.092465
-0.095649
-0.098199
-0.100279
-0.10146
-0.101982
-0.101924
-0.100956
-0.099392
-0.097651
-0.095803
-0.093529
-0.090948
-0.088158
-0.084854
-0.081329
-0.077573
-0.073577
-0.069516
-0.065691
-0.062472
-0.059773
-0.057965
-0.056787
-0.055942
-0.055693
-0.055756
-0.055793
-0.055561
-0.05557
-0.055152
-0.054582
-0.054183
-0.053953
-0.05403
-0.054934
-0.055837
-0.057217
-0.059551
-0.061884
-0.064322
-0.067406
-0.070255
-0.073652
-0.077045
-0.080451
-0.083619
-0.086514
-0.088946
-0.091003
-0.092418
-0.093388
-0.093751
-0.093516
-0.093077
-0.092123
-0.091568
-0.09019
-0.089269
-0.087765
-0.086481
-0.08514
-0.083571
-0.082408
-0.08093
-0.079652
-0.078703
-0.077967
-0.077614
-0.077508
-0.077805
-0.077867
-0.078382
-0.078499
-0.078622
-0.07847
-0.078099
-0.077679
-0.077424
-0.076897
-0.076306
-0.075672
-0.075082
-0.074945
-0.075348
-0.075914
-0.076851
-0.078084
-0.079551
-0.081291
-0.082854
-0.084302
-0.085055
-0.085428
-0.085118
-0.084418
-0.083205
-0.082246
-0.08123
-0.080656
-0.080203
-0.079986
-0.079742
-0.07902
-0.077961
-0.076418
-0.074411
-0.072348
-0.069815
-0.067168
-0.065029
-0.063148
-0.062092
-0.061304
-0.060945
-0.060898
-0.061411
-0.06181
-0.062151
-0.062348
-0.062656
-0.06294
-0.063222
-0.064109
-0.06508
-0.066402
-0.068512
-0.07099
-0.074011
-0.077468
-0.080937
-0.08419
-0.087606
-0.090241
-0.091568
-0.092669
-0.093228
-0.093045
-0.092733
-0.092507
-0.092813
-0.093215
-0.094214
-0.095359
-0.096243
-0.096327
-0.09617
-0.094783
-0.092629
-0.089835
-0.086111
-0.082495
-0.07873
-0.075399
-0.072418
-0.069982
-0.06803
-0.066139
-0.064416
-0.062801
-0.061235
-0.059818
-0.05853
-0.057841
-0.057104
-0.057242
-0.057405
-0.058156
-0.05929
-0.060643
-0.062062
-0.063565
-0.065107
-0.066565
-0.068303
-0.069626
-0.071309
-0.072798
-0.07412
-0.075649
-0.077046
-0.078334
-0.080386
-0.082606
-0.085307
-0.087623
-0.090489
-0.092573
-0.094735
-0.095969
-0.096599
-0.096537
-0.095857
-0.094807
-0.093383
-0.091859
-0.09096
-0.090135
-0.090193
-0.090107
-0.089574
-0.08887
-0.087914
-0.086944
-0.085747
-0.084971
-0.084509
-0.084121
-0.084183
-0.08421
-0.084382
-0.084077
-0.083196
-0.081763
-0.079732
-0.077149
-0.074893
-0.072182
-0.070082
-0.068433
-0.067205
-0.06686
-0.066499
-0.066464
-0.066632
-0.066815
-0.067039
-0.067537
-0.067457
-0.067386
-0.067416
-0.067657
-0.067897
-0.068357
-0.069122
-0.069894
-0.070912
-0.072324
-0.074015
-0.075891
-0.077869
-0.07998
-0.081666
-0.083412
-0.08433
-0.084856
-0.084826
-0.084521
-0.083993
-0.083415
-0.083062
-0.082375
-0.081977
-0.081532
-0.080902
-0.079774
-0.078183
-0.07606
-0.073835
-0.071639
-0.069975
-0.068773
-0.067966
-0.068105
-0.068241
-0.069046
-0.069461
-0.069832
-0.070089
-0.070116
-0.069755
-0.069386
-0.06905
-0.068863
-0.068624
-0.068792
-0.069224
-0.070294
-0.071237
-0.072703
-0.074002
-0.075292
-0.076787
-0.077701
-0.078964
-0.079775
-0.080375
-0.080439
-0.080473
-0.080604
-0.080229
-0.080008
-0.080088
-0.080059
-0.08013
-0.079962
-0.079711
-0.079053
-0.077945
-0.07654
-0.074654
-0.072874
-0.071137
-0.069931
-0.06906
-0.06905
-0.069282
-0.069831
-0.070367
-0.070723
-0.070866
-0.070776
-0.070535
-0.070332
-0.070425
-0.071216
-0.072665
-0.075314
-0.078341
-0.081574
-0.084726
-0.087564
-0.089782
-0.091287
-0.091727
-0.091828
-0.091859
-0.091603
-0.091528
-0.091494
-0.091271
-0.091317
-0.091036
-0.090756
-0.090483
-0.089399
-0.088411
-0.087489
-0.086544
-0.085318
-0.0845
-0.083456
-0.082437
-0.08108
-0.079855
-0.078374
-0.076603
-0.074566
-0.072359
-0.069984
-0.067466
-0.064501
-0.061681
-0.059063
-0.057136
-0.054998
-0.053711
-0.052934
-0.052362
-0.052233
-0.052413
-0.052792
-0.053174
-0.053354
-0.05433
-0.054893
-0.055932
-0.057259
-0.058858
-0.060903
-0.063012
-0.065646
-0.068412
-0.071219
-0.073925
-0.07648
-0.079412
-0.081687
-0.084265
-0.086796
-0.089094
-0.091213
-0.09304
-0.094622
-0.096023
-0.096951
-0.097788
-0.098482
-0.099278
-0.099926
-0.10043
-0.100706
-0.100607
-0.099605
-0.097896
-0.094887
-0.091319
-0.087288
-0.083165
-0.079042
-0.075932
-0.073146
-0.071843
-0.070712
-0.070081
-0.069511
-0.068351
-0.066972
-0.06497
-0.062561
-0.060575
-0.058928
-0.058421
-0.058955
-0.060905
-0.063772
-0.066887
-0.070023
-0.072977
-0.074779
-0.076002
-0.076415
-0.076706
-0.076719
-0.077337
-0.078732
-0.080474
-0.082798
-0.085565
-0.08789
-0.089454
-0.090413
-0.090103
-0.089545
-0.08845
-0.087218
-0.086041
-0.0854
-0.084808
-0.084339
-0.084011
-0.083006
-0.082076
-0.080229
-0.078468
-0.076675
-0.074867
-0.073307
-0.072039
-0.070935
-0.069986
-0.068935
-0.068486
-0.067804
-0.067539
-0.067777
-0.068564
-0.069839
-0.071371
-0.073372
-0.075425
-0.077395
-0.07926
-0.08046
-0.081133
-0.081738
-0.082127
-0.082374
-0.082609
-0.08319
-0.083558
-0.08378
-0.083878
-0.083433
-0.082259
-0.080819
-0.078609
-0.076288
-0.074099
-0.071987
-0.070327
-0.069379
-0.069103
-0.068764
-0.069112
-0.06906
-0.069356
-0.069282
-0.068887
-0.06836
-0.068034
-0.067621
-0.06723
-0.06714
-0.067248
-0.067439
-0.06824
-0.06923
-0.070213
-0.071007
-0.072134
-0.073169
-0.07411
-0.075019
-0.075461
-0.075865
-0.076246
-0.07663
-0.077434
-0.078341
-0.079421
-0.080744
-0.081685
-0.083014
-0.083689
-0.084136
-0.084517
-0.084455
-0.085072
-0.085054
-0.086007
-0.086921
-0.087871
-0.088897
-0.08942
-0.08978
-0.089486
-0.088757
-0.08709
-0.085269
-0.082952
-0.08073
-0.078192
-0.075945
-0.073738
-0.071972
-0.070318
-0.068828
-0.067424
-0.066159
-0.065199
-0.064364
-0.063579
-0.063107
-0.063185
-0.063235
-0.063628
-0.063844
-0.064118
-0.064354
-0.064836
-0.064857
-0.064921
-0.065109
-0.065885
-0.066063
-0.066985
-0.06739
-0.067967
-0.068814
-0.069808
-0.071295
-0.073229
-0.075833
-0.078649
-0.08182
-0.08461
-0.08754
-0.089976
-0.091462
-0.092315
-0.092982
-0.092897
-0.093115
-0.09251
-0.091934
-0.09185
-0.091437
-0.0915
-0.091688
-0.091486
-0.091319
-0.091067
-0.090883
-0.090432
-0.089566
-0.088655
-0.08719
-0.085694
-0.083825
-0.08178
-0.079533
-0.076904
-0.074284
-0.071934
-0.070087
-0.068868
-0.068017
-0.067645
-0.067782
-0.067847
-0.067845
-0.067913
-0.067568
-0.067102
-0.066548
-0.065918
-0.065672
-0.065863
-0.066577
-0.067434
-0.068082
-0.069224
-0.069602
-0.069927
-0.069646
-0.069029
-0.068397
-0.068216
-0.068563
-0.069519
-0.071191
-0.073086
-0.07526
-0.077036
-0.078204
-0.079125
-0.079441
-0.079662
-0.079525
-0.07928
-0.079332
-0.079056
-0.079205
-0.079197
-0.078993
-0.078758
-0.078435
-0.077573
-0.077376
-0.077082
-0.07747
-0.078345
-0.07943
-0.080911
-0.082034
-0.083013
-0.083318
-0.082908
-0.082014
-0.081026
-0.079626
-0.079159
-0.079185
-0.079677
-0.080654
-0.081846
-0.082707
-0.082964
-0.082818
-0.082095
-0.081051
-0.079802
-0.078808
-0.077997
-0.078434
-0.079229
-0.080055
-0.081208
-0.082353
-0.08286
-0.082626
-0.081977
-0.080918
-0.079988
-0.078939
-0.078381
-0.077759
-0.077566
-0.077423
-0.077385
-0.076805
-0.076222
-0.075802
-0.075171
-0.074726
-0.074336
-0.074273
-0.07421
-0.073859
-0.073068
-0.072299
-0.071656
-0.070685
-0.069987
-0.06952
-0.069889
-0.070598
-0.071858
-0.073747
-0.075683
-0.07761
-0.078937
-0.079628
-0.080207
-0.080185
-0.079946
-0.080191
-0.080648
-0.081673
-0.082731
-0.084272
-0.085798
-0.086866
-0.08717
-0.087051
-0.086199
-0.085262
-0.08405
-0.082315
-0.081086
-0.079516
-0.078141
-0.076625
-0.075161
-0.07353
-0.07179
-0.069683
-0.067506
-0.06519
-0.062942
-0.061018
-0.05887
-0.057206
-0.055642
-0.054564
-0.05386
-0.053322
-0.053527
-0.053854
-0.054607
-0.055535
-0.057209
-0.058473
-0.060484
-0.062485
-0.064432
-0.066281
-0.068243
-0.070155
-0.072287
-0.074935
-0.077716
-0.080518
-0.083756
-0.086671
-0.089225
-0.091572
-0.093201
-0.094258
-0.094364
-0.094125
-0.093262
-0.092091
-0.090904
-0.089785
-0.088416
-0.087476
-0.086804
-0.085874
-0.085218
-0.084953
-0.085007
-0.084772
-0.084623
-0.08478
-0.083707
-0.083021
-0.081722
-0.080464
-0.079459
-0.078208
-0.076846
-0.075964
-0.075323
-0.074564
-0.074134
-0.073293
-0.072212
-0.071462
-0.070323
-0.069686
-0.068807
-0.068542
-0.068364
-0.068574
-0.069246
-0.069815
-0.070767
-0.071277
-0.071908
-0.072498
-0.073206
-0.073896
-0.07472
-0.075731
-0.0765
-0.077275
-0.077714
-0.078047
-0.077737
-0.077025
-0.076161
-0.075172
-0.074417
-0.073688
-0.073347
-0.073136
-0.073082
-0.073196
-0.072799
-0.072635
-0.072226
-0.071288
-0.070958
-0.070867
-0.071212
-0.072159
-0.073811
-0.075526
-0.077339
-0.07867
-0.080084
-0.080813
-0.081276
-0.081623
-0.081663
-0.082236
-0.082892
-0.083862
-0.084658
-0.085281
-0.085318
-0.084546
-0.083305
-0.081535
-0.078833
-0.076283
-0.073841
-0.071877
-0.070364
-0.069692
-0.069518
-0.06983
-0.070305
-0.070871
-0.07148
-0.072348
-0.073175
-0.073862
-0.074536
-0.075111
-0.075415
-0.075213
-0.074432
-0.073835
-0.072571
-0.071525
-0.071116
-0.070885
-0.071174
-0.071931
-0.072913
-0.073561
-0.073917
-0.073802
-0.073266
-0.072287
-0.07125
-0.07055
-0.070335
-0.070993
-0.072822
-0.075221
-0.077817
-0.079963
-0.08211
-0.083131
-0.083543
-0.083042
-0.081944
-0.081092
-0.080714
-0.080694
-0.081598
-0.083345
-0.085617
-0.087829
-0.089476
-0.090645
-0.091004
-0.090388
-0.088996
-0.087094
-0.085734
-0.084821
-0.084076
-0.083768
-0.084021
-0.084032
-0.084397
-0.083807
-0.083224
-0.082344
-0.081158
-0.080096
-0.078948
-0.077905
-0.076588
-0.075289
-0.073665
-0.071774
-0.070185
-0.068285
-0.0667
-0.065138
-0.063894
-0.063041
-0.062315
-0.061784
-0.061367
-0.060761
-0.060311
-0.060129
-0.060072
-0.060662
-0.062318
-0.064458
-0.067465
-0.070609
-0.07431
-0.077698
-0.080347
-0.082249
-0.083958
-0.084508
-0.08462
-0.084548
-0.083918
-0.083741
-0.082942
-0.082434
-0.081694
-0.080721
-0.079393
-0.07798
-0.076661
-0.075088
-0.074325
-0.073691
-0.073973
-0.074585
-0.075276
-0.076579
-0.077355
-0.077606
-0.077109
-0.076776
-0.075982
-0.07497
-0.073529
-0.072094
-0.070817
-0.069611
-0.068635
-0.068099
-0.067475
-0.067461
-0.067502
-0.067635
-0.067933
-0.068414
-0.068778
-0.068979
-0.06855
-0.06842
-0.068089
-0.068306
-0.068391
-0.069473
-0.071198
-0.07325
-0.075424
-0.077738
-0.079732
-0.08104
-0.081381
-0.081693
-0.081243
-0.08018
-0.079146
-0.078509
-0.078047
-0.077749
-0.078008
-0.078223
-0.078245
-0.078276
-0.077599
-0.077106
-0.076288
-0.075297
-0.074577
-0.074182
-0.074058
-0.07395
-0.074917
-0.075729
-0.077069
-0.078821
-0.080627
-0.082973
-0.085378
-0.087506
-0.08985
-0.091925
-0.093175
-0.093814
-0.093484
-0.092171
-0.090452
-0.088525
-0.086314
-0.084499
-0.083433
-0.083078
-0.082963
-0.083119
-0.082926
-0.082429
-0.081217
-0.079607
-0.077775
-0.076134
-0.074582
-0.073575
-0.072889
-0.072411
-0.071969
-0.07134
-0.070502
-0.069367
-0.067579
-0.065913
-0.063957
-0.062337
-0.060991
-0.06011
-0.059995
-0.059904
-0.060078
-0.060373
-0.060807
-0.061124
-0.061165
-0.061767
-0.062128
-0.062768
-0.063779
-0.065367
-0.066867
-0.068755
-0.070729
-0.072539
-0.074206
-0.076058
-0.07782
-0.079463
-0.081644
-0.083548
-0.085351
-0.087029
-0.088087
-0.088425
-0.088471
-0.087695
-0.086584
-0.085601
-0.084786
-0.084237
-0.084115
-0.084447
-0.084927
-0.085541
-0.086011
-0.085826
-0.085179
-0.084353
-0.082869
-0.081682
-0.079989
-0.07875
-0.077778
-0.076869
-0.075927
-0.075298
-0.074689
-0.074162
-0.073775
-0.073805
-0.073669
-0.074123
-0.074487
-0.074454
-0.074462
-0.074016
-0.073456
-0.072916
-0.072195
-0.07179
-0.071644
-0.071825
-0.07243
-0.07316
-0.074319
-0.075505
-0.076565
-0.077001
-0.077518
-0.077654
-0.077567
-0.077286
-0.076865
-0.077354
-0.077691
-0.078511
-0.08006
-0.081627
-0.083391
-0.084508
-0.085491
-0.085916
-0.08608
-0.085878
-0.085399
-0.08457
-0.08357
-0.082471
-0.081506
-0.080441
-0.079542
-0.078788
-0.07813
-0.077634
-0.077014
-0.076336
-0.075573
-0.074855
-0.073853
-0.071961
-0.07004
-0.068048
-0.065754
-0.063801
-0.062533
-0.061909
-0.062049
-0.062818
-0.064297
-0.066137
-0.067444
-0.068872
-0.069546
-0.070055
-0.069565
-0.069424
-0.069286
-0.069261
-0.069211
-0.069544
-0.070319
-0.071268
-0.072357
-0.073292
-0.073915
-0.074636
-0.074914
-0.075122
-0.074941
-0.074971
-0.074943
-0.07478
-0.074448
-0.074296
-0.074199
-0.073836
-0.073565
-0.073205
-0.073088
-0.072986
-0.073235
-0.072977
-0.072756
-0.072589
-0.072727
-0.072995
-0.073949
-0.075333
-0.076835
-0.079135
-0.080845
-0.082571
-0.083413
-0.083587
-0.083083
-0.082037
-0.08076
-0.079836
-0.078669
-0.078046
-0.078134
-0.078693
-0.079655
-0.080843
-0.08191
-0.082441
-0.082671
-0.082709
-0.082678
-0.082549
-0.082712
-0.082781
-0.08289
-0.083279
-0.083167
-0.082935
-0.081778
-0.080063
-0.077909
-0.075405
-0.072697
-0.069965
-0.067604
-0.065413
-0.064112
-0.063326
-0.063221
-0.063477
-0.063956
-0.064626
-0.065167
-0.065824
-0.065838
-0.065664
-0.06529
-0.064322
-0.062846
-0.061715
-0.060897
-0.060877
-0.061593
-0.063034
-0.065502
-0.068664
-0.071994
-0.075368
-0.078109
-0.080326
-0.081651
-0.082442
-0.083084
-0.083854
-0.085144
-0.086927
-0.09013
-0.093358
-0.096698
-0.099594
-0.101336
-0.101743
-0.100791
-0.098197
-0.094857
-0.091307
-0.087638
-0.084543
-0.082149
-0.0804
-0.079344
-0.078737
-0.078754
-0.078326
-0.07783
-0.076798
-0.075386
-0.073914
-0.071989
-0.069819
-0.067393
-0.064837
-0.062723
-0.061016
-0.059575
-0.059175
-0.059091
-0.06004
-0.061587
-0.063455
-0.065357
-0.067058
-0.067607
-0.068086
-0.067758
-0.067304
-0.067061
-0.06748
-0.06891
-0.071258
-0.074493
-0.078102
-0.081823
-0.084937
-0.086973
-0.088107
-0.088131
-0.087596
-0.086427
-0.085032
-0.083991
-0.082968
-0.082812
-0.083263
-0.083625
-0.083788
-0.083715
-0.082925
-0.08159
-0.079196
-0.076594
-0.073774
-0.071482
-0.06952
-0.068116
-0.067631
-0.067397
-0.067117
-0.066934
-0.066643
-0.066349
-0.066368
-0.066388
-0.067302
-0.068659
-0.070829
-0.07349
-0.076709
-0.080129
-0.083303
-0.086163
-0.088121
-0.089883
-0.090528
-0.090559
-0.089677
-0.088162
-0.086418
-0.084108
-0.082072
-0.080495
-0.078578
-0.077688
-0.076799
-0.075692
-0.074887
-0.073873
-0.072587
-0.07165
-0.070001
-0.068914
-0.068016
-0.068068
-0.067886
-0.068304
-0.069369
-0.0701
-0.071028
-0.072215
-0.072418
-0.072934
-0.072859
-0.073009
-0.073037
-0.073358
-0.074094
-0.075269
-0.076656
-0.077959
-0.079257
-0.080418
-0.081375
-0.081584
-0.082094
-0.082114
-0.082054
-0.082474
-0.083423
-0.084136
-0.084618
-0.085223
-0.085346
-0.085181
-0.084159
-0.083017
-0.081561
-0.080218
-0.078475
-0.077043
-0.075443
-0.074058
-0.072804
-0.071788
-0.071083
-0.070342
-0.069802
-0.069306
-0.069127
-0.069052
-0.0692
-0.068821
-0.068425
-0.067787
-0.066859
-0.065951
-0.065035
-0.064297
-0.063746
-0.06397
-0.064188
-0.064416
-0.065124
-0.065022
-0.064891
-0.063961
-0.06262
-0.061077
-0.059612
-0.058903
-0.059013
-0.059993
-0.06236
-0.065739
-0.069094
-0.07288
-0.076128
-0.078972
-0.0811
-0.0824
-0.083549
-0.084432
-0.085369
-0.086913
-0.088239
-0.089967
-0.091517
-0.093079
-0.094176
-0.094923
-0.094777
-0.094809
-0.094366
-0.093593
-0.092655
-0.091511
-0.091019
-0.089555
-0.088672
-0.087055
-0.085573
-0.084272
-0.083027
-0.082117
-0.08096
-0.080069
-0.078616
-0.077322
-0.075755
-0.07367
-0.071806
-0.070279
-0.069195
-0.068402
-0.068134
-0.067809
-0.068208
-0.06815
-0.0681
-0.067379
-0.06631
-0.064738
-0.0631
-0.062002
-0.061642
-0.06202
-0.063476
-0.06615
-0.069393
-0.072553
-0.075688
-0.078202
-0.080176
-0.081789
-0.082099
-0.082213
-0.082197
-0.082032
-0.08209
-0.082184
-0.082752
-0.08329
-0.084179
-0.084695
-0.084871
-0.084477
-0.083805
-0.082474
-0.081469
-0.079545
-0.078304
-0.077003
-0.075728
-0.07467
-0.074007
-0.073552
-0.073345
-0.073468
-0.073694
-0.073871
-0.074004
-0.073919
-0.073011
-0.072068
-0.071483
-0.070537
-0.070101
-0.070727
-0.071917
-0.074083
-0.076577
-0.078979
-0.080615
-0.081478
-0.081464
-0.07988
-0.078228
-0.075682
-0.073556
-0.071793
-0.07095
-0.071067
-0.071704
-0.073398
-0.075188
-0.076725
-0.077859
-0.078368
-0.078368
-0.077565
-0.076517
-0.07555
-0.07487
-0.074589
-0.074578
-0.075559
-0.076394
-0.077097
-0.077434
-0.07742
-0.07642
-0.074792
-0.072639
-0.070316
-0.067818
-0.065756
-0.064695
-0.064517
-0.064857
-0.065722
-0.067517
-0.069247
-0.071373
-0.073229
-0.075284
-0.076848
-0.078215
-0.079478
-0.080192
-0.08098
-0.081495
-0.081945
-0.082557
-0.083184
-0.084104
-0.085345
-0.086654
-0.087724
-0.088194
-0.088664
-0.088848
-0.08856
-0.088061
-0.087654
-0.086903
-0.086678
-0.086462
-0.08623
-0.086237
-0.086128
-0.086037
-0.085024
-0.083736
-0.08177
-0.078761
-0.075364
-0.071659
-0.067449
-0.063017
-0.059082
-0.055593
-0.052641
-0.050377
-0.048868
-0.048257
-0.048041
-0.048345
-0.049093
-0.050035
-0.051286
-0.052773
-0.054265
-0.056341
-0.058812
-0.062156
-0.065954
-0.070321
-0.075077
-0.079655
-0.083858
-0.087111
-0.089554
-0.090635
-0.09102
-0.091381
-0.090801
-0.090631
-0.090331
-0.090484
-0.090968
-0.091429
-0.091897
-0.092166
-0.092438
-0.091692
-0.090093
-0.088565
-0.086337
-0.083664
-0.081101
-0.078146
-0.075486
-0.072968
-0.070621
-0.068359
-0.066222
-0.064538
-0.062699
-0.060834
-0.059449
-0.05796
-0.05634
-0.054779
-0.053303
-0.052433
-0.051878
-0.05183
-0.052454
-0.053772
-0.055324
-0.057484
-0.059863
-0.062111
-0.064624
-0.066998
-0.069258
-0.071504
-0.073626
-0.075696
-0.078331
-0.080671
-0.083067
-0.085703
-0.08762
-0.089073
-0.089795
-0.090041
-0.089673
-0.088659
-0.087385
-0.086035
-0.084807
-0.083563
-0.082793
-0.082264
-0.082004
-0.081828
-0.08102
-0.080535
-0.079438
-0.078576
-0.078235
-0.077933
-0.078292
-0.079007
-0.080558
-0.082052
-0.083708
-0.085183
-0.085839
-0.085882
-0.085168
-0.083495
-0.08156
-0.07957
-0.077897
-0.076498
-0.075336
-0.075236
-0.07547
-0.075863
-0.076441
-0.076895
-0.076847
-0.076728
-0.076724
-0.076532
-0.076398
-0.076898
-0.077341
-0.078273
-0.079315
-0.079915
-0.080367
-0.080235
-0.079836
-0.078641
-0.077029
-0.075131
-0.072756
-0.070182
-0.067426
-0.064966
-0.062998
-0.061271
-0.060115
-0.060166
-0.060314
-0.061073
-0.062184
-0.063314
-0.064605
-0.06553
-0.06599
-0.066355
-0.066306
-0.066073
-0.06616
-0.066444
-0.066925
-0.068008
-0.069264
-0.070289
-0.071874
-0.073037
-0.074119
-0.074781
-0.075084
-0.075787
-0.077051
-0.078617
-0.080031
-0.08204
-0.084174
-0.08624
-0.088265
-0.090269
-0.091298
-0.091841
-0.092101
-0.091273
-0.089851
-0.088256
-0.086026
-0.083853
-0.082223
-0.08087
-0.079779
-0.078573
-0.077863
-0.077405
-0.076193
-0.075833
-0.075277
-0.07463
-0.073977
-0.073556
-0.073101
-0.072446
-0.071738
-0.071023
-0.070176
-0.06919
-0.067539
-0.066063
-0.064385
-0.062884
-0.061734
-0.060883
-0.060827
-0.061935
-0.063447
-0.06586
-0.068613
-0.07197
-0.075097
-0.077581
-0.080021
-0.081588
-0.082103
-0.082585
-0.082385
-0.082285
-0.081834
-0.081359
-0.081798
-0.082424
-0.083411
-0.085078
-0.086682
-0.088289
-0.089256
-0.089494
-0.089048
-0.088021
-0.087084
-0.085941
-0.085068
-0.085063
-0.085214
-0.086125
-0.08673
-0.087388
-0.087406
-0.086404
-0.084001
-0.080698
-0.07608
-0.070923
-0.065541
-0.060253
-0.05586
-0.05276
-0.050887
-0.050143
-0.050838
-0.051507
-0.053066
-0.054183
-0.054883
-0.055075
-0.054991
-0.054865
-0.054815
-0.055473
-0.056651
-0.058718
-0.061145
-0.064122
-0.067476
-0.070651
-0.073321
-0.075157
-0.076411
-0.077206
-0.077212
-0.077624
-0.078029
-0.078305
-0.079336
-0.080899
-0.082734
-0.084569
-0.086481
-0.08805
-0.089295
-0.089952
-0.090173
-0.090075
-0.089425
-0.088358
-0.086881
-0.085319
-0.08354
-0.081593
-0.080351
-0.079304
-0.078505
-0.077788
-0.07736
-0.076907
-0.076295
-0.075144
-0.073701
-0.072077
-0.070768
-0.069887
-0.069379
-0.069588
-0.070638
-0.071542
-0.073432
-0.074718
-0.076317
-0.077292
-0.077482
-0.077836
-0.078046
-0.078069
-0.078743
-0.0794
-0.08083
-0.082171
-0.083112
-0.084595
-0.085331
-0.0858
-0.085845
-0.085067
-0.084128
-0.082294
-0.080584
-0.078301
-0.076403
-0.074287
-0.072662
-0.071312
-0.070118
-0.069077
-0.06791
-0.067181
-0.06618
-0.065513
-0.064673
-0.063839
-0.06297
-0.062331
-0.06202
-0.062193
-0.06259
-0.063424
-0.064751
-0.06681
-0.068715
-0.070944
-0.073293
-0.075353
-0.077109
-0.078914
-0.080297
-0.081858
-0.083899
-0.086268
-0.088579
-0.091363
-0.093334
-0.095269
-0.096651
-0.097327
-0.097317
-0.096536
-0.095439
-0.09371
-0.091942
-0.090082
-0.088174
-0.0863
-0.084335
-0.082081
-0.079656
-0.077129
-0.074267
-0.071671
-0.069287
-0.066943
-0.065285
-0.063997
-0.063039
-0.062302
-0.061432
-0.060818
-0.059991
-0.059157
-0.058492
-0.058307
-0.058314
-0.059026
-0.059668
-0.060794
-0.0617
-0.06241
-0.063484
-0.063735
-0.063898
-0.064176
-0.064881
-0.066343
-0.068764
-0.071679
-0.075767
-0.080092
-0.083912
-0.087526
-0.090351
-0.092076
-0.092732
-0.092772
-0.091711
-0.091047
-0.090475
-0.090434
-0.090547
-0.090764
-0.090767
-0.090907
-0.090092
-0.08932
-0.087435
-0.085193
-0.082511
-0.080057
-0.077897
-0.075772
-0.074219
-0.072963
-0.07231
-0.071791
-0.071059
-0.070581
-0.069928
-0.068986
-0.068015
-0.067305
-0.066408
-0.065899
-0.065094
-0.065091
-0.064731
-0.064725
-0.064511
-0.064758
-0.064999
-0.065491
-0.06663
-0.067734
-0.069206
-0.071052
-0.072425
-0.074034
-0.074628
-0.07544
-0.07554
-0.075286
-0.074973
-0.074544
-0.074271
-0.074464
-0.075048
-0.076016
-0.077268
-0.078543
-0.079697
-0.080909
-0.081037
-0.08026
-0.078957
-0.07729
-0.075381
-0.073902
-0.07249
-0.072184
-0.073192
-0.074598
-0.076812
-0.07918
-0.081048
-0.082224
-0.083012
-0.082781
-0.081592
-0.079978
-0.078516
-0.077058
-0.075994
-0.075857
-0.075985
-0.075972
-0.076404
-0.076098
-0.075427
-0.074357
-0.072495
-0.070524
-0.068753
-0.067321
-0.066191
-0.065778
-0.065936
-0.0665
-0.066963
-0.06752
-0.067904
-0.068374
-0.068878
-0.068974
-0.069451
-0.069899
-0.070506
-0.070686
-0.070567
-0.070397
-0.070011
-0.069652
-0.068853
-0.068505
-0.068397
-0.068918
-0.070266
-0.071317
-0.072929
-0.074049
-0.074722
-0.075134
-0.074489
-0.073503
-0.072659
-0.071745
-0.071072
-0.070812
-0.071283
-0.072322
-0.073014
-0.073998
-0.074477
-0.074522
-0.074702
-0.074593
-0.07485
-0.075328
-0.076111
-0.077445
-0.078724
-0.080115
-0.082013
-0.083899
-0.08549
-0.087083
-0.089067
-0.090868
-0.092493
-0.09351
-0.094324
-0.094353
-0.09416
-0.093354
-0.092118
-0.090563
-0.088911
-0.087336
-0.085671
-0.084516
-0.083616
-0.082899
-0.081778
-0.080149
-0.078365
-0.075697
-0.07273
-0.06918
-0.066383
-0.063892
-0.062029
-0.060755
-0.060319
-0.059711
-0.05942
-0.058622
-0.057807
-0.056644
-0.055595
-0.054954
-0.05487
-0.05566
-0.057507
-0.060315
-0.063581
-0.06756
-0.07109
-0.074239
-0.076895
-0.078806
-0.080107
-0.081591
-0.082719
-0.084365
-0.086231
-0.087796
-0.089966
-0.091501
-0.092809
-0.093325
-0.093283
-0.092481
-0.090743
-0.088938
-0.086606
-0.084362
-0.082203
-0.080244
-0.078605
-0.076951
-0.075582
-0.07433
-0.073505
-0.072359
-0.071634
-0.070702
-0.069656
-0.068563
-0.067262
-0.065686
-0.063932
-0.062574
-0.060834
-0.060043
-0.060361
-0.061024
-0.062503
-0.064048
-0.065828
-0.067502
-0.068492
-0.069376
-0.06988
-0.070116
-0.070916
-0.071956
-0.073009
-0.074662
-0.076421
-0.078307
-0.080097
-0.0809
-0.081312
-0.081115
-0.080396
-0.079042
-0.078018
-0.076774
-0.075996
-0.074793
-0.074242
-0.074081
-0.073795
-0.074004
-0.074041
-0.07448
-0.074497
-0.074933
-0.075423
-0.075798
-0.076244
-0.076491
-0.07713
-0.077517
-0.078265
-0.078311
-0.078716
-0.078766
-0.078506
-0.078775
-0.079112
-0.079702
-0.080663
-0.081679
-0.082705
-0.083078
-0.082599
-0.081186
-0.079108
-0.076568
-0.07401
-0.071836
-0.070151
-0.069592
-0.069517
-0.070474
-0.071598
-0.072859
-0.073986
-0.074283
-0.074641
-0.074017
-0.07347
-0.072895
-0.072431
-0.072879
-0.073423
-0.074766
-0.075685
-0.077019
-0.077506
-0.077276
-0.076432
-0.07478
-0.072462
-0.070015
-0.067243
-0.064521
-0.062346
-0.060939
-0.059769
-0.059822
-0.061057
-0.063077
-0.065092
-0.067089
-0.068593
-0.069802
-0.069959
-0.070153
-0.070017
-0.070654
-0.071296
-0.072324
-0.07414
-0.075967
-0.077866
-0.0798
-0.081203
-0.082475
-0.083417
-0.083925
-0.084156
-0.083876
-0.083895
-0.083662
-0.083778
-0.084136
-0.084752
-0.085736
-0.086719
-0.087294
-0.087948
-0.088174
-0.087761
-0.087216
-0.085961
-0.084125
-0.081825
-0.079
-0.075358
-0.072047
-0.068229
-0.065034
-0.062324
-0.060153
-0.059111
-0.058613
-0.058436
-0.05821
-0.058181
-0.057648
-0.05676
-0.055814
-0.055395
-0.055984
-0.056913
-0.059752
-0.063983
-0.068882
-0.073955
-0.078408
-0.08169
-0.083487
-0.083966
-0.08329
-0.081296
-0.079482
-0.077897
-0.07729
-0.07763
-0.078874
-0.080866
-0.083071
-0.085372
-0.086923
-0.087787
-0.087927
-0.087483
-0.086668
-0.085878
-0.085065
-0.085259
-0.085766
-0.086758
-0.087579
-0.088209
-0.088707
-0.088404
-0.087938
-0.086932
-0.086093
-0.085015
-0.08467
-0.08437
-0.083923
-0.083401
-0.08277
-0.080942
-0.079137
-0.077055
-0.074717
-0.073032
-0.071272
-0.069685
-0.068691
-0.068093
-0.067349
-0.066524
-0.065875
-0.064858
-0.064335
-0.064006
-0.064222
-0.065142
-0.066704
-0.068677
-0.070911
-0.072775
-0.074329
-0.075266
-0.07551
-0.074802
-0.073764
-0.072739
-0.071803
-0.071028
-0.071339
-0.071858
-0.072876
-0.073593
-0.074207
-0.074552
-0.074489
-0.074148
-0.073854
-0.073609
-0.073805
-0.074216
-0.074964
-0.075617
-0.076303
-0.076492
-0.07624
-0.075576
-0.074445
-0.072651
-0.071188
-0.069343
-0.067832
-0.066857
-0.066102
-0.066161
-0.066659
-0.067415
-0.068033
-0.069061
-0.069909
-0.070857
-0.07201
-0.073221
-0.074726
-0.076515
-0.078384
-0.08032
-0.081757
-0.083205
-0.084188
-0.084731
-0.084507
-0.084391
-0.083389
-0.082255
-0.081143
-0.079775
-0.078836
-0.078011
-0.076733
-0.076223
-0.075374
-0.074762
-0.074256
-0.073404
-0.072533
-0.072068
-0.070956
-0.070115
-0.069231
-0.068376
-0.067587
-0.067227
-0.066843
-0.067055
-0.067266
-0.067793
-0.068434
-0.069276
-0.070211
-0.07139
-0.072879
-0.074192
-0.075795
-0.077175
-0.079026
-0.080744
-0.082386
-0.084428
-0.086342
-0.087662
-0.089315
-0.090315
-0.091327
-0.091733
-0.091709
-0.090907
-0.089917
-0.088463
-0.086613
-0.084643
-0.082793
-0.081199
-0.079893
-0.078653
-0.078014
-0.076887
-0.075901
-0.074394
-0.072594
-0.070344
-0.06823
-0.066183
-0.06414
-0.061772
-0.059734
-0.058322
-0.056848
-0.055117
-0.053809
-0.052219
-0.051492
-0.050536
-0.050352
-0.051012
-0.052195
-0.053641
-0.055775
-0.058255
-0.060977
-0.063245
-0.06564
-0.068129
-0.069966
-0.072025
-0.073942
-0.075626
-0.077243
-0.07853
-0.079502
-0.080024
-0.080072
-0.080276
-0.079663
-0.078941
-0.078577
-0.078013
-0.077757
-0.077845
-0.077945
-0.078148
-0.079125
-0.080118
-0.081406
-0.082574
-0.083303
-0.084333
-0.084977
-0.085058
-0.08513
-0.084344
-0.083914
-0.08299
-0.082406
-0.082386
-0.082462
-0.083193
-0.084035
-0.085001
-0.08536
-0.085272
-0.084581
-0.083017
-0.080654
-0.077946
-0.075167
-0.073054
-0.071795
-0.070948
-0.07143
-0.072719
-0.074265
-0.075821
-0.076832
-0.0771
-0.0768
-0.076067
-0.074936
-0.07315
-0.07205
-0.071554
-0.070621
-0.071185
-0.072279
-0.073824
-0.075333
-0.077065
-0.077951
-0.078326
-0.078226
-0.077626
-0.076427
-0.074765
-0.073053
-0.071909
-0.071077
-0.070675
-0.071364
-0.072542
-0.074183
-0.076063
-0.077164
-0.078048
-0.078013
-0.077487
-0.076724
-0.075473
-0.074238
-0.072959
-0.072324
-0.072358
-0.072755
-0.073317
-0.074292
-0.074846
-0.075554
-0.0757
-0.075405
-0.075131
-0.074046
-0.073286
-0.07237
-0.07219
-0.0721
-0.072458
-0.073403
-0.074295
-0.076056
-0.077573
-0.079385
-0.080992
-0.082199
-0.083023
-0.082927
-0.08222
-0.080681
-0.078899
-0.076403
-0.074233
-0.071848
-0.070202
-0.06823
-0.066788
-0.065884
-0.065051
-0.064382
-0.063732
-0.063335
-0.062966
-0.062307
-0.062753
-0.063152
-0.064082
-0.065721
-0.067774
-0.069886
-0.072418
-0.074743
-0.076626
-0.078117
-0.079227
-0.079541
-0.079311
-0.078826
-0.078478
-0.078218
-0.078457
-0.078708
-0.079437
-0.080738
-0.081942
-0.083328
-0.084361
-0.085009
-0.085669
-0.086481
-0.086848
-0.086786
-0.086457
-0.08579
-0.084743
-0.083637
-0.082833
-0.082306
-0.082061
-0.081729
-0.081468
-0.08089
-0.080105
-0.078755
-0.076775
-0.074015
-0.0713
-0.068756
-0.06645
-0.06482
-0.063857
-0.062985
-0.062669
-0.062338
-0.06214
-0.061254
-0.060075
-0.059469
-0.058612
-0.058256
-0.05857
-0.059701
-0.061428
-0.063997
-0.066491
-0.068957
-0.071787
-0.073285
-0.074885
-0.075816
-0.076305
-0.076389
-0.076909
-0.07755
-0.078627
-0.079907
-0.08132
-0.082509
-0.083821
-0.084492
-0.085072
-0.085618
-0.08596
-0.086281
-0.086434
-0.086206
-0.085594
-0.085009
-0.083544
-0.082365
-0.080744
-0.079385
-0.077965
-0.077006
-0.076193
-0.07583
-0.075764
-0.075807
-0.075603
-0.075217
-0.074317
-0.073362
-0.072226
-0.071385
-0.070558
-0.070458
-0.070367
-0.070549
-0.070945
-0.071093
-0.07118
-0.070824
-0.070328
-0.069818
-0.069223
-0.068692
-0.068659
-0.068673
-0.069187
-0.070109
-0.070893
-0.071774
-0.072773
-0.07354
-0.073905
-0.074767
-0.07504
-0.075726
-0.075631
-0.07612
-0.075861
-0.075859
-0.075102
-0.074174
-0.073464
-0.072632
-0.071987
-0.071813
-0.072069
-0.072806
-0.073614
-0.073929
-0.074066
-0.073981
-0.073356
-0.072128
-0.071102
-0.070363
-0.070103
-0.070247
-0.071378
-0.072789
-0.074908
-0.077044
-0.078996
-0.080749
-0.082107
-0.08274
-0.082933
-0.082802
-0.0828
-0.082533
-0.083329
-0.084226
-0.085629
-0.087099
-0.08881
-0.090512
-0.091914
-0.092643
-0.092878
-0.093011
-0.092402
-0.091481
-0.089971
-0.087815
-0.0858
-0.083855
-0.081924
-0.080188
-0.078657
-0.076842
-0.075254
-0.072647
-0.069762
-0.066751
-0.063811
-0.060819
-0.058245
-0.056482
-0.055057
-0.054942
-0.05542
-0.057157
-0.058578
-0.061225
-0.063438
-0.065737
-0.067193
-0.068376
-0.069447
-0.069547
-0.070107
-0.07041
-0.071195
-0.072059
-0.073473
-0.075393
-0.077551
-0.080071
-0.082797
-0.085401
-0.087833
-0.089162
-0.090399
-0.090927
-0.090869
-0.090248
-0.089398
-0.088397
-0.087567
-0.08671
-0.085969
-0.085127
-0.083861
-0.082548
-0.080465
-0.078273
-0.074991
-0.071995
-0.068734
-0.065881
-0.063484
-0.06168
-0.060459
-0.059969
-0.060456
-0.061007
-0.061798
-0.062735
-0.063089
-0.063392
-0.063404
-0.063055
-0.06225
-0.062097
-0.061731
-0.062134
-0.062816
-0.063715
-0.064938
-0.066516
-0.068376
-0.069954
-0.071359
-0.072647
-0.074236
-0.075509
-0.076312
-0.077183
-0.078421
-0.079631
-0.081041
-0.08253
-0.083839
-0.08555
-0.086796
-0.087852
-0.088324
-0.088498
-0.087376
-0.085556
-0.083227
-0.080952
-0.078518
-0.076807
-0.075743
-0.075521
-0.075917
-0.076563
-0.07778
-0.078862
-0.079278
-0.07929
-0.078776
-0.077283
-0.076054
-0.074473
-0.073024
-0.071914
-0.071797
-0.07244
-0.072984
-0.074064
-0.074998
-0.075872
-0.075735
-0.075276
-0.073837
-0.072009
-0.070511
-0.06897
-0.067919
-0.067857
-0.068543
-0.069719
-0.071648
-0.072926
-0.073861
-0.074081
-0.073331
-0.072023
-0.070281
-0.068667
-0.067022
-0.066614
-0.066408
-0.067656
-0.069445
-0.071859
-0.074355
-0.076571
-0.078375
-0.07946
-0.079115
-0.078061
-0.076279
-0.074589
-0.07249
-0.070783
-0.069602
-0.069296
-0.068955
-0.068969
-0.069075
-0.068799
-0.069506
-0.069521
-0.069933
-0.070572
-0.070962
-0.071649
-0.072503
-0.073512
-0.074349
-0.07595
-0.07683
-0.078457
-0.079492
-0.080604
-0.081596
-0.081858
-0.082081
-0.081942
-0.082075
-0.081746
-0.081694
-0.081481
-0.081486
-0.081349
-0.080987
-0.081179
-0.081307
-0.081696
-0.082034
-0.082092
-0.081999
-0.081505
-0.080538
-0.078887
-0.077285
-0.075211
-0.073117
-0.070702
-0.068552
-0.066949
-0.065433
-0.064084
-0.063316
-0.062537
-0.06222
-0.061926
-0.062005
-0.062436
-0.062872
-0.063341
-0.063482
-0.064167
-0.064888
-0.065154
-0.065952
-0.066484
-0.067569
-0.069044
-0.070442
-0.07173
-0.073456
-0.075087
-0.077284
-0.079098
-0.081215
-0.082854
-0.08495
-0.087005
-0.089147
-0.090705
-0.092651
-0.093984
-0.095285
-0.095901
-0.096483
-0.096493
-0.096592
-0.096314
-0.095997
-0.094846
-0.093734
-0.092375
-0.0901
-0.087717
-0.084533
-0.081407
-0.078137
-0.075067
-0.072946
-0.070743
-0.06929
-0.068145
-0.067412
-0.066234
-0.064694
-0.062642
-0.060858
-0.058698
-0.057035
-0.056051
-0.056035
-0.056317
-0.057882
-0.059472
-0.061392
-0.062942
-0.064084
-0.064664
-0.064823
-0.064603
-0.06446
-0.064594
-0.065826
-0.067992
-0.070761
-0.074367
-0.078501
-0.082184
-0.085202
-0.087545
-0.089034
-0.088972
-0.08839
-0.087254
-0.086176
-0.085019
-0.084158
-0.083409
-0.082591
-0.081364
-0.079509
-0.077659
-0.075067
-0.07267
-0.071093
-0.069537
-0.068309
-0.067892
-0.067796
-0.067297
-0.066539
-0.0652
-0.06391
-0.062884
-0.060861
-0.059895
-0.059052
-0.058982
-0.05953
-0.060663
-0.062558
-0.064869
-0.066829
-0.068951
-0.070416
-0.071857
-0.072792
-0.074422
-0.076172
-0.078359
-0.080937
-0.083059
-0.085941
-0.08773
-0.089053
-0.089159
-0.088469
-0.087051
-0.085459
-0.083931
-0.082424
-0.081734
-0.080534
-0.079876
-0.078976
-0.077432
-0.075484
-0.073248
-0.071423
-0.069239
-0.067805
-0.066906
-0.06702
-0.068229
-0.069662
-0.071364
-0.073147
-0.074279
-0.074729
-0.074207
-0.07343
-0.072017
-0.071253
-0.07093
-0.071431
-0.073025
-0.075049
-0.077748
-0.080243
-0.081983
-0.082915
-0.083274
-0.082583
-0.081722
-0.081166
-0.080693
-0.081236
-0.082153
-0.08416
-0.086202
-0.088586
-0.090406
-0.09161
-0.091859
-0.091223
-0.089458
-0.086821
-0.083844
-0.080677
-0.077169
-0.073963
-0.071257
-0.069275
-0.067493
-0.066072
-0.065015
-0.063657
-0.062022
-0.059996
-0.057782
-0.055616
-0.053494
-0.051621
-0.051023
-0.050631
-0.051245
-0.05231
-0.053856
-0.055645
-0.057313
-0.059021
-0.060305
-0.06157
-0.062715
-0.063915
-0.065659
-0.067275
-0.069414
-0.071879
-0.074495
-0.077433
-0.080054
-0.082743
-0.085286
-0.087721
-0.08959
-0.091112
-0.092835
-0.093589
-0.094017
-0.094319
-0.093511
-0.092353
-0.091262
-0.090085
-0.089099
-0.088382
-0.088533
-0.088628
-0.08913
-0.089232
-0.088883
-0.087741
-0.085764
-0.083078
-0.080202
-0.076707
-0.07385
-0.071837
-0.070884
-0.070359
-0.070843
-0.071601
-0.07211
-0.072816
-0.073051
-0.072938
-0.072409
-0.072012
-0.07165
-0.072073
-0.072444
-0.073807
-0.074806
-0.075972
-0.076947
-0.077159
-0.076961
-0.076202
-0.07491
-0.073535
-0.072589
-0.071431
-0.071033
-0.070936
-0.07103
-0.071771
-0.072669
-0.073425
-0.074359
-0.074799
-0.075735
-0.076175
-0.077359
-0.078431
-0.079539
-0.080755
-0.081948
-0.083014
-0.083953
-0.084158
-0.083971
-0.083647
-0.083195
-0.082308
-0.081519
-0.080533
-0.079408
-0.078397
-0.077216
-0.076211
-0.075147
-0.074078
-0.072838
-0.07162
-0.070233
-0.068252
-0.066144
-0.06364
-0.061482
-0.059468
-0.058327
-0.05756
-0.058217
-0.059495
-0.06111
-0.063167
-0.065405
-0.067406
-0.06913
-0.070258
-0.070903
-0.071702
-0.072324
-0.073191
-0.074334
-0.075808
-0.077422
-0.079324
-0.080761
-0.081927
-0.082477
-0.082858
-0.082407
-0.081674
-0.080951
-0.080414
-0.079863
-0.079285
-0.078607
-0.07787
-0.076283
-0.074412
-0.072336
-0.070303
-0.068526
-0.066944
-0.066033
-0.065726
-0.065819
-0.065692
-0.065562
-0.065503
-0.065497
-0.064767
-0.064895
-0.065467
-0.066571
-0.068447
-0.070534
-0.07268
-0.075132
-0.077234
-0.079254
-0.081132
-0.083101
-0.084471
-0.086338
-0.088031
-0.089904
-0.091515
-0.092886
-0.0942
-0.094856
-0.094468
-0.093567
-0.091882
-0.089723
-0.087676
-0.085394
-0.083427
-0.081119
-0.079225
-0.077011
-0.074112
-0.071188
-0.068177
-0.065712
-0.062755
-0.060742
-0.059192
-0.05794
-0.057087
-0.056401
-0.055795
-0.055374
-0.05508
-0.054697
-0.05474
-0.055085
-0.05589
-0.057265
-0.059262
-0.061235
-0.063403
-0.065737
-0.067494
-0.069421
-0.071393
-0.07345
-0.075535
-0.077528
-0.079574
-0.081435
-0.083449
-0.084777
-0.086346
-0.086984
-0.087656
-0.087959
-0.088303
-0.088517
-0.088935
-0.089055
-0.089913
-0.090355
-0.090705
-0.090406
-0.089851
-0.089094
-0.087614
-0.085774
-0.084098
-0.0823
-0.080559
-0.079354
-0.07782
-0.076463
-0.074094
-0.071708
-0.068914
