0.0
-0.002078
-0.007594
-0.016281
-0.027111
-0.037919
-0.048491
-0.057997
-0.066077
-0.072543
-0.077683
-0.082148
-0.08625
-0.090408
-0.094667
-0.099661
-0.10416
-0.108
-0.110771
-0.112213
-0.112406
-0.111558
-0.110286
-0.108639
-0.107114
-0.106071
-0.105231
-0.104514
-0.1032
-0.101448
-0.099095
-0.095838
-0.092115
-0.087932
-0.083634
-0.079651
-0.07568
-0.072573
-0.070219
-0.068395
-0.066796
-0.065773
-0.065093
-0.064601
-0.064571
-0.065134
-0.066187
-0.06869
-0.071718
-0.07565
-0.079749
-0.084206
-0.087819
-0.090515
-0.092111
-0.092683
-0.092371
-0.091238
-0.089831
-0.088062
-0.086505
-0.085374
-0.084619
-0.084536
-0.08464
-0.085103
-0.085623
-0.085741
-0.085669
-0.084858
-0.083826
-0.082301
-0.080257
-0.077656
-0.075294
-0.072836
-0.070742
-0.06919
-0.068585
-0.068904
-0.06946
-0.070874
-0.072046
-0.073464
-0.07424
-0.07465
-0.074954
-0.075378
-0.075732
-0.076396
-0.077479
-0.078641
-0.079961
-0.081447
-0.082947
-0.083758
-0.084603
-0.084803
-0.084872
-0.084116
-0.083493
-0.082525
-0.08146
-0.080531
-0.079634
-0.079125
-0.0785
-0.0779
-0.077664
-0.077147
-0.076867
-0.07647
-0.076082
-0.075643
-0.075279
-0.075262
-0.075556
-0.075727
-0.076451
-0.077119
-0.07781
-0.078914
-0.079759
-0.080741
-0.081714
-0.082516
-0.08304
-0.083206
-0.083199
-0.082621
-0.08167
-0.07999
-0.078361
-0.0766
-0.074791
-0.073147
-0.071501
-0.070494
-0.07018
-0.069934
-0.070677
-0.071873
-0.073456
-0.07539
-0.077475
-0.079395
-0.080894
-0.0817
-0.082149
-0.082045
-0.081819
-0.081301
-0.080714
-0.080433
-0.081057
-0.081561
-0.082715
-0.083758
-0.085127
-0.086396
-0.087667
-0.089045
-0.090651
-0.091976
-0.093757
-0.09567
-0.097054
-0.098801
-0.0997
-0.099995
-0.099748
-0.098233
-0.096174
-0.093772
-0.090878
-0.087923
-0.085437
-0.082942
-0.080916
-0.079083
-0.077387
-0.075908
-0.074733
-0.073464
-0.072182
-0.071129
-0.070443
-0.069973
-0.069762
-0.069681
-0.069176
-0.068423
-0.067193
-0.065609
-0.063626
-0.062069
-0.060762
-0.059993
-0.059957
-0.060857
-0.062479
-0.064622
-0.067007
-0.069616
-0.072036
-0.07452
-0.077011
-0.079056
-0.081346
-0.083356
-0.085274
-0.087145
-0.089208
-0.090727
-0.092105
-0.092778
-0.092945
-0.092842
-0.092285
-0.091684
-0.091092
-0.090516
-0.090345
-0.090118
-0.089991
-0.089837
-0.089253
-0.08858
-0.087991
-0.086947
-0.086021
-0.085515
-0.08504
-0.084397
-0.083739
-0.082394
-0.08095
-0.078618
-0.076103
-0.073078
-0.070113
-0.067296
-0.065435
-0.064001
-0.063466
-0.063717
-0.064127
-0.065232
-0.065906
-0.066297
-0.066593
-0.066675
-0.066729
-0.066897
-0.067412
-0.068519
-0.07049
-0.072903
-0.075888
-0.078694
-0.081599
-0.084023
-0.085881
-0.086989
-0.087288
-0.087058
-0.086358
-0.085454
-0.084603
-0.083715
-0.083139
-0.082695
-0.082299
-0.081902
-0.081376
-0.080801
-0.080009
-0.079288
-0.078497
-0.07782
-0.077463
-0.07708
-0.077303
-0.077621
-0.078405
-0.078787
-0.079582
-0.080191
-0.080741
-0.080981
-0.080853
-0.080756
-0.080402
-0.080261
-0.080184
-0.081008
-0.08171
-0.083125
-0.084702
-0.086365
-0.088179
-0.089736
-0.09128
-0.09224
-0.092791
-0.093111
-0.093482
-0.093421
-0.0932
-0.092711
-0.091672
-0.09032
-0.088795
-0.087146
-0.085234
-0.083483
-0.081813
-0.080156
-0.079089
-0.078542
-0.078415
-0.078722
-0.079205
-0.080019
-0.080785
-0.081192
-0.081122
-0.080528
-0.079406
-0.078168
-0.076126
-0.074238
-0.072331
-0.070817
-0.069098
-0.067893
-0.066709
-0.066415
-0.065878
-0.066162
-0.066537
-0.067504
-0.068555
-0.06999
-0.071458
-0.073028
-0.074748
-0.076445
-0.078166
-0.079752
-0.081095
-0.082031
-0.082832
-0.083181
-0.083594
-0.083817
-0.084148
-0.084277
-0.084903
-0.085636
-0.086794
-0.088164
-0.089501
-0.090634
-0.091485
-0.092065
-0.092191
-0.092155
-0.091346
-0.090686
-0.089621
-0.088105
-0.086503
-0.084379
-0.082292
-0.079547
-0.076791
-0.073613
-0.070997
-0.067892
-0.065743
-0.063815
-0.062756
-0.062363
-0.062519
-0.063012
-0.063836
-0.065016
-0.066074
-0.067295
-0.068433
-0.069881
-0.071341
-0.072668
-0.074397
-0.076152
-0.078287
-0.080275
-0.082089
-0.084068
-0.086136
-0.08775
-0.089265
-0.090929
-0.092494
-0.094183
-0.095432
-0.096792
-0.0973
-0.097639
-0.097742
-0.097251
-0.096546
-0.095802
-0.09453
-0.093368
-0.091999
-0.090785
-0.089415
-0.087523
-0.085559
-0.083415
-0.081104
-0.078724
-0.076171
-0.074282
-0.072638
-0.071381
-0.070775
-0.070572
-0.070362
-0.070608
-0.070692
-0.070825
-0.071228
-0.071802
-0.072869
-0.074077
-0.075547
-0.077233
-0.078972
-0.080578
-0.081586
-0.081736
-0.081749
-0.080804
-0.07961
-0.078244
-0.076875
-0.075639
-0.074368
-0.073609
-0.072884
-0.072346
-0.071813
-0.071248
-0.070729
-0.070543
-0.070658
-0.07075
-0.071223
-0.072359
-0.073588
-0.07491
-0.076062
-0.076981
-0.07769
-0.077817
-0.077812
-0.077354
-0.076796
-0.076403
-0.076211
-0.076292
-0.077309
-0.07809
-0.079778
-0.081174
-0.082941
-0.084794
-0.086404
-0.087639
-0.08882
-0.088752
-0.088557
-0.08806
-0.086634
-0.085106
-0.083438
-0.08157
-0.079827
-0.078327
-0.076796
-0.075319
-0.074664
-0.073865
-0.073375
-0.073253
-0.073443
-0.073936
-0.074608
-0.075457
-0.076367
-0.077545
-0.07838
-0.079344
-0.080256
-0.080825
-0.081317
-0.081676
-0.082124
-0.082257
-0.082524
-0.082498
-0.082347
-0.082306
-0.082117
-0.082299
-0.082029
-0.082076
-0.081929
-0.082208
-0.08219
-0.082077
-0.081958
-0.081368
-0.080532
-0.078749
-0.076888
-0.074229
-0.071668
-0.069517
-0.067621
-0.066189
-0.065648
-0.065711
-0.066274
-0.067355
-0.068975
-0.070552
-0.072447
-0.073987
-0.075969
-0.077718
-0.079477
-0.081019
-0.082715
-0.084511
-0.086104
-0.087649
-0.088612
-0.089338
-0.089741
-0.09004
-0.090313
-0.09092
-0.091598
-0.092661
-0.094031
-0.095137
-0.096142
-0.096607
-0.096587
-0.09623
-0.095106
-0.093808
-0.092233
-0.090779
-0.089154
-0.08736
-0.085421
-0.083454
-0.081062
-0.078092
-0.075256
-0.072638
-0.070253
-0.068127
-0.066727
-0.06622
-0.06577
-0.065905
-0.066242
-0.066638
-0.06664
-0.066874
-0.066442
-0.066825
-0.067267
-0.068446
-0.070059
-0.072202
-0.074754
-0.077423
-0.079493
-0.08152
-0.08262
-0.083739
-0.084313
-0.085039
-0.085974
-0.087179
-0.088672
-0.090328
-0.092171
-0.093543
-0.094257
-0.094671
-0.094093
-0.093001
-0.091248
-0.089393
-0.087074
-0.085167
-0.083282
-0.081849
-0.080357
-0.079118
-0.078091
-0.076888
-0.075581
-0.074268
-0.072925
-0.071116
-0.069755
-0.06821
-0.066347
-0.064766
-0.063493
-0.063026
-0.062672
-0.063377
-0.064542
-0.066395
-0.068466
-0.070675
-0.073038
-0.07501
-0.076676
-0.077425
-0.078136
-0.077883
-0.07816
-0.078353
-0.079146
-0.080239
-0.08189
-0.083889
-0.085754
-0.087384
-0.088619
-0.089181
-0.089378
-0.089105
-0.088794
-0.088492
-0.088624
-0.088914
-0.089299
-0.089928
-0.090432
-0.090036
-0.089764
-0.088691
-0.087107
-0.085297
-0.083154
-0.081294
-0.079612
-0.078043
-0.077098
-0.076606
-0.076335
-0.076458
-0.076807
-0.077332
-0.077609
-0.078514
-0.079509
-0.080392
-0.081755
-0.083417
-0.08498
-0.086411
-0.087486
-0.087801
-0.08795
-0.087333
-0.086459
-0.085896
-0.085079
-0.085009
-0.085318
-0.08548
-0.085843
-0.085825
-0.085743
-0.085143
-0.083745
-0.081567
-0.079291
-0.076253
-0.073102
-0.070099
-0.067451
-0.06534
-0.064031
-0.063466
-0.063448
-0.063633
-0.06456
-0.064839
-0.065015
-0.065111
-0.064979
-0.065168
-0.065275
-0.06616
-0.0673
-0.069291
-0.071761
-0.074295
-0.076799
-0.078463
-0.079472
-0.079795
-0.07897
-0.077641
-0.076146
-0.074761
-0.073707
-0.074113
-0.075293
-0.076925
-0.079194
-0.081345
-0.083344
-0.084447
-0.084861
-0.084699
-0.084045
-0.082917
-0.082329
-0.081902
-0.08216
-0.082728
-0.083348
-0.08416
-0.084471
-0.084244
-0.084045
-0.083032
-0.082381
-0.081699
-0.081614
-0.081565
-0.082416
-0.083344
-0.084116
-0.084882
-0.085313
-0.085468
-0.085112
-0.084854
-0.084293
-0.083626
-0.083179
-0.082894
-0.082618
-0.082333
-0.081969
-0.081243
-0.080536
-0.079536
-0.078985
-0.078126
-0.077724
-0.077109
-0.076551
-0.07617
-0.075796
-0.075644
-0.075499
-0.075399
-0.075815
-0.076106
-0.077119
-0.078064
-0.0795
-0.081007
-0.082328
-0.083631
-0.084284
-0.085426
-0.08621
-0.087457
-0.088576
-0.089781
-0.09102
-0.091919
-0.092467
-0.092732
-0.092325
-0.090991
-0.089263
-0.086997
-0.08483
-0.083197
-0.081846
-0.081138
-0.080472
-0.080234
-0.079919
-0.079613
-0.079033
-0.077948
-0.07638
-0.074811
-0.072881
-0.071664
-0.07052
-0.070028
-0.070394
-0.071355
-0.072417
-0.073494
-0.074358
-0.074831
-0.074643
-0.074106
-0.073586
-0.073145
-0.072481
-0.072228
-0.072255
-0.072682
-0.073044
-0.073774
-0.074892
-0.075735
-0.076858
-0.078428
-0.079663
-0.080381
-0.080649
-0.080675
-0.080711
-0.080439
-0.080248
-0.080167
-0.080399
-0.080835
-0.082026
-0.08312
-0.084152
-0.084924
-0.085906
-0.086231
-0.086442
-0.086023
-0.085581
-0.08534
-0.084936
-0.085168
-0.085264
-0.085629
-0.086035
-0.086106
-0.085725
-0.085002
-0.08373
-0.082256
-0.080781
-0.07916
-0.07804
-0.077268
-0.076953
-0.076817
-0.076681
-0.076859
-0.076993
-0.07727
-0.077265
-0.077857
-0.077965
-0.078554
-0.079376
-0.079793
-0.0803
-0.080548
-0.080445
-0.079644
-0.078948
-0.078162
-0.077099
-0.076446
-0.076224
-0.076502
-0.07747
-0.078432
-0.079342
-0.080154
-0.080151
-0.079674
-0.078759
-0.077682
-0.076262
-0.075429
-0.074789
-0.074401
-0.074653
-0.075048
-0.075614
-0.075805
-0.075909
-0.075788
-0.075357
-0.075262
-0.074898
-0.07492
-0.075198
-0.075518
-0.076141
-0.076662
-0.077216
-0.077967
-0.078933
-0.07984
-0.081214
-0.082665
-0.083816
-0.085266
-0.086205
-0.087148
-0.087579
-0.087883
-0.08796
-0.088104
-0.088137
-0.088118
-0.088788
-0.088791
-0.089491
-0.089703
-0.089845
-0.089146
-0.088519
-0.087358
-0.085743
-0.083954
-0.082328
-0.08062
-0.078474
-0.076645
-0.075139
-0.073208
-0.071289
-0.069745
-0.068022
-0.066518
-0.065099
-0.06414
-0.06358
-0.062883
-0.062825
-0.062673
-0.062808
-0.063341
-0.063546
-0.064259
-0.06462
-0.065597
-0.066952
-0.068688
-0.070435
-0.073132
-0.075551
-0.078202
-0.080359
-0.082274
-0.083965
-0.084859
-0.08525
-0.085592
-0.085249
-0.084815
-0.084069
-0.083997
-0.08356
-0.083343
-0.083187
-0.082972
-0.082842
-0.082868
-0.082483
-0.082302
-0.082262
-0.082417
-0.082463
-0.082954
-0.082859
-0.082996
-0.082957
-0.082587
-0.081844
-0.081217
-0.080066
-0.07927
-0.078279
-0.077641
-0.07694
-0.076897
-0.077232
-0.078019
-0.079382
-0.080889
-0.082769
-0.084172
-0.085529
-0.086423
-0.086709
-0.086762
-0.086407
-0.085929
-0.085308
-0.084952
-0.084746
-0.084494
-0.084299
-0.083713
-0.082986
-0.081947
-0.080199
-0.078668
-0.07671
-0.075241
-0.073859
-0.073242
-0.07331
-0.073798
-0.074411
-0.07521
-0.075793
-0.07621
-0.076482
-0.076429
-0.076817
-0.076931
-0.077416
-0.078599
-0.079719
-0.080831
-0.082079
-0.083049
-0.083835
-0.084304
-0.084834
-0.085093
-0.085322
-0.086044
-0.086504
-0.087145
-0.087444
-0.087662
-0.087143
-0.086502
-0.085065
-0.08341
-0.081285
-0.079624
-0.077913
-0.077457
-0.076965
-0.077308
-0.077983
-0.078861
-0.079293
-0.0796
-0.079502
-0.078502
-0.077635
-0.076246
-0.075083
-0.074225
-0.073805
-0.073894
-0.073959
-0.074418
-0.074623
-0.074938
-0.0746
-0.07387
-0.073278
-0.072449
-0.072039
-0.071696
-0.071366
-0.071666
-0.07194
-0.072727
-0.0733
-0.074121
-0.074689
-0.07521
-0.076176
-0.076469
-0.077092
-0.078194
-0.079127
-0.080105
-0.081452
-0.082082
-0.082864
-0.083515
-0.083649
-0.083444
-0.083248
-0.082824
-0.082505
-0.082051
-0.081729
-0.081584
-0.081484
-0.081393
-0.081605
-0.08196
-0.082733
-0.08342
-0.084345
-0.085565
-0.086482
-0.087564
-0.088579
-0.089383
-0.089683
-0.08963
-0.089027
-0.087812
-0.086263
-0.084838
-0.083266
-0.082136
-0.081498
-0.081361
-0.081766
-0.082409
-0.083165
-0.083753
-0.083798
-0.083113
-0.082139
-0.080711
-0.079203
-0.077444
-0.076333
-0.075394
-0.075095
-0.074954
-0.074895
-0.074791
-0.074167
-0.073065
-0.071479
-0.069284
-0.066866
-0.064973
-0.063339
-0.062688
-0.063719
-0.065095
-0.067422
-0.069922
-0.072455
-0.07497
-0.076473
-0.077754
-0.078637
-0.078538
-0.078471
-0.078191
-0.078112
-0.078436
-0.079573
-0.080487
-0.082124
-0.083986
-0.086079
-0.087664
-0.089248
-0.089864
-0.090412
-0.090417
-0.090146
-0.089482
-0.088803
-0.08816
-0.087424
-0.086859
-0.086157
-0.085499
-0.084359
-0.083146
-0.081614
-0.079575
-0.077367
-0.075688
-0.074235
-0.072925
-0.072728
-0.073008
-0.073813
-0.074735
-0.076109
-0.077292
-0.078337
-0.0786
-0.078864
-0.078685
-0.078269
-0.077362
-0.076738
-0.075875
-0.075319
-0.074375
-0.073723
-0.07318
-0.072451
-0.07224
-0.072103
-0.072228
-0.072923
-0.073717
-0.074758
-0.075797
-0.076581
-0.076975
-0.076845
-0.076439
-0.075495
-0.074165
-0.073214
-0.072534
-0.07261
-0.073068
-0.074799
-0.076717
-0.078799
-0.080711
-0.081969
-0.08268
-0.082852
-0.08258
-0.082232
-0.082149
-0.082441
-0.083228
-0.084466
-0.086015
-0.087879
-0.089275
-0.090023
-0.09041
-0.089989
-0.089406
-0.088451
-0.087806
-0.087242
-0.086959
-0.087388
-0.08772
-0.088242
-0.088782
-0.088921
-0.089083
-0.088625
-0.088213
-0.08748
-0.086595
-0.085927
-0.085344
-0.084408
-0.083783
-0.082917
-0.081697
-0.080328
-0.078557
-0.077041
-0.075525
-0.074122
-0.073478
-0.07347
-0.073689
-0.074254
-0.074904
-0.075339
-0.075899
-0.076056
-0.075797
-0.075462
-0.074945
-0.074832
-0.074746
-0.075492
-0.076184
-0.076685
-0.07765
-0.078897
-0.07999
-0.081145
-0.082788
-0.083936
-0.085166
-0.086092
-0.08691
-0.08696
-0.086805
-0.086479
-0.085734
-0.08488
-0.084346
-0.083421
-0.08295
-0.082091
-0.081688
-0.080936
-0.08014
-0.079666
-0.078665
-0.078019
-0.076928
-0.076189
-0.075551
-0.075172
-0.075121
-0.075045
-0.075272
-0.075433
-0.075819
-0.075804
-0.075571
-0.075277
-0.074823
-0.074209
-0.073499
-0.072764
-0.072105
-0.071503
-0.071107
-0.070832
-0.070899
-0.070934
-0.071444
-0.071908
-0.072703
-0.073337
-0.073943
-0.07454
-0.075239
-0.07612
-0.07691
-0.077561
-0.078073
-0.078735
-0.07941
-0.080183
-0.081139
-0.081943
-0.082266
-0.082314
-0.081726
-0.080987
-0.079855
-0.078853
-0.078059
-0.077514
-0.078279
-0.079491
-0.081475
-0.083735
-0.086441
-0.088382
-0.089996
-0.090736
-0.090907
-0.090605
-0.089569
-0.089095
-0.088541
-0.087925
-0.087856
-0.087889
-0.088136
-0.088274
-0.088258
-0.088202
-0.087712
-0.086945
-0.086239
-0.085472
-0.084817
-0.08406
-0.083577
-0.083377
-0.083383
-0.083733
-0.083858
-0.084146
-0.084366
-0.08394
-0.083129
-0.081831
-0.079943
-0.077961
-0.075855
-0.073598
-0.071092
-0.069174
-0.067492
-0.066163
-0.06488
-0.064255
-0.06368
-0.06334
-0.063208
-0.063177
-0.063628
-0.064296
-0.065569
-0.066727
-0.068813
-0.070493
-0.072181
-0.073389
-0.074265
-0.074425
-0.074408
-0.074209
-0.074043
-0.074169
-0.074984
-0.075871
-0.077295
-0.078692
-0.079858
-0.080581
-0.080861
-0.080681
-0.079942
-0.079254
-0.079076
-0.079014
-0.079738
-0.080207
-0.081022
-0.08142
-0.081682
-0.081215
-0.08017
-0.078614
-0.077151
-0.075798
-0.075035
-0.075167
-0.076518
-0.078201
-0.080814
-0.083385
-0.085613
-0.087105
-0.088031
-0.087949
-0.087341
-0.086258
-0.085671
-0.084705
-0.083999
-0.083877
-0.083569
-0.083309
-0.083085
-0.082505
-0.081617
-0.081044
-0.07994
-0.079128
-0.07897
-0.078793
-0.079039
-0.079322
-0.079638
-0.079936
-0.080136
-0.080037
-0.079501
-0.078943
-0.078687
-0.077975
-0.077308
-0.076657
-0.076197
-0.07553
-0.074794
-0.073971
-0.072966
-0.071953
-0.071502
-0.071231
-0.071756
-0.073352
-0.075698
-0.078744
-0.082373
-0.08593
-0.08932
-0.092276
-0.094196
-0.095561
-0.096161
-0.096154
-0.095211
-0.094359
-0.093314
-0.092069
-0.090663
-0.089488
-0.088243
-0.087123
-0.085673
-0.084655
-0.08333
-0.081972
-0.080957
-0.079657
-0.078796
-0.077773
-0.076982
-0.076337
-0.075633
-0.075097
-0.07448
-0.074214
-0.073954
-0.073211
-0.072535
-0.071176
-0.06986
-0.068184
-0.066374
-0.065081
-0.063474
-0.062766
-0.062472
-0.063011
-0.063826
-0.065216
-0.067272
-0.069836
-0.072528
-0.075432
-0.078261
-0.081466
-0.084191
-0.086355
-0.088223
-0.089678
-0.090066
-0.090334
-0.089732
-0.089237
-0.088584
-0.08757
-0.086631
-0.085827
-0.084891
-0.084114
-0.083133
-0.082244
-0.08074
-0.079716
-0.078109
-0.076674
-0.075573
-0.074399
-0.073599
-0.073029
-0.072785
-0.072351
-0.07226
-0.072307
-0.072401
-0.07241
-0.072633
-0.073439
-0.07438
-0.075576
-0.077447
-0.079121
-0.081311
-0.083554
-0.085903
-0.087722
-0.089523
-0.090833
-0.091725
-0.09244
-0.092254
-0.091822
-0.09138
-0.091256
-0.090054
-0.089055
-0.087719
-0.086191
-0.084399
-0.082349
-0.080096
-0.077504
-0.07519
-0.07276
-0.070306
-0.068209
-0.066468
-0.065406
-0.064613
-0.064585
-0.064982
-0.065587
-0.066395
-0.06746
-0.0683
-0.068943
-0.070128
-0.071294
-0.07275
-0.074674
-0.076668
-0.079221
-0.081559
-0.083373
-0.085033
-0.086427
-0.087477
-0.088092
-0.088645
-0.089318
-0.090386
-0.091386
-0.092699
-0.093709
-0.094428
-0.094163
-0.093506
-0.091555
-0.088997
-0.08621
-0.083075
-0.080456
-0.078361
-0.077321
-0.076924
-0.076797
-0.077128
-0.076952
-0.076259
-0.074672
-0.0726
-0.070166
-0.06802
-0.065988
-0.065375
-0.065452
-0.06629
-0.067936
-0.069555
-0.071409
-0.072009
-0.072121
-0.071771
-0.070913
-0.070225
-0.069789
-0.070076
-0.070997
-0.072375
-0.073971
-0.075628
-0.076882
-0.077097
-0.077441
-0.077042
-0.076338
-0.075625
-0.07595
-0.076311
-0.077168
-0.078235
-0.079268
-0.080803
-0.081014
-0.081331
-0.081094
-0.080722
-0.080597
-0.080786
-0.080805
-0.081361
-0.081991
-0.082478
-0.082644
-0.082545
-0.08249
-0.082091
-0.081846
-0.082138
-0.082199
-0.083249
-0.084141
-0.08519
-0.085921
-0.08602
-0.085835
-0.085004
-0.083567
-0.082322
-0.080876
-0.07995
-0.079763
-0.080506
-0.081809
-0.083406
-0.084904
-0.08592
-0.08631
-0.085951
-0.084397
-0.08305
-0.080803
-0.079051
-0.077879
-0.077365
-0.077788
-0.078806
-0.079964
-0.080648
-0.081227
-0.080997
-0.080038
-0.078607
-0.077321
-0.07592
-0.074881
-0.074267
-0.074177
-0.074604
-0.074811
-0.074854
-0.074984
-0.075063
-0.075027
-0.074952
-0.075286
-0.076703
-0.078334
-0.080508
-0.083262
-0.085882
-0.087904
-0.089899
-0.090923
-0.090921
-0.090412
-0.088944
-0.08725
-0.085016
-0.083315
-0.081488
-0.080047
-0.078914
-0.077913
-0.077238
-0.076714
-0.076195
-0.075917
-0.075223
-0.074633
-0.07419
-0.073989
-0.073693
-0.073661
-0.07415
-0.074332
-0.075176
-0.075539
-0.076082
-0.076374
-0.076726
-0.076929
-0.077264
-0.077681
-0.078512
-0.078907
-0.079913
-0.080895
-0.081983
-0.082349
-0.082609
-0.08233
-0.081466
-0.080447
-0.079074
-0.078043
-0.077107
-0.077191
-0.077271
-0.077713
-0.077969
-0.078638
-0.078785
-0.078042
-0.076889
-0.075405
-0.07319
-0.07109
-0.069328
-0.068012
-0.068029
-0.068388
-0.069949
-0.072196
-0.074456
-0.07656
-0.078529
-0.079867
-0.080587
-0.081409
-0.081814
-0.082171
-0.082571
-0.082974
-0.083971
-0.085236
-0.086397
-0.087998
-0.089365
-0.090855
-0.091686
-0.092096
-0.09189
-0.091569
-0.090198
-0.088852
-0.087812
-0.086266
-0.084987
-0.083596
-0.082611
-0.081535
-0.080904
-0.079772
-0.078549
-0.077653
-0.076239
-0.075187
-0.074044
-0.072924
-0.071506
-0.070562
-0.069163
-0.068198
-0.067185
-0.066156
-0.06502
-0.064375
-0.064253
-0.064664
-0.065218
-0.06691
-0.068296
-0.070299
-0.072034
-0.073689
-0.074897
-0.076039
-0.07634
-0.076955
-0.077264
-0.07768
-0.078529
-0.079262
-0.080407
-0.081885
-0.08295
-0.084206
-0.085024
-0.084843
-0.084708
-0.083847
-0.082947
-0.08247
-0.082373
-0.082783
-0.083756
-0.085118
-0.08651
-0.087842
-0.088511
-0.088784
-0.088129
-0.086974
-0.085499
-0.08395
-0.082248
-0.081051
-0.07988
-0.079271
-0.078406
-0.077783
-0.077115
-0.076458
-0.075667
-0.074851
-0.074078
-0.07371
-0.073273
-0.0732
-0.072918
-0.07293
-0.07262
-0.072309
-0.072113
-0.071832
-0.0714
-0.071209
-0.071165
-0.071284
-0.071286
-0.071714
-0.071786
-0.072106
-0.072284
-0.072327
-0.072226
-0.072443
-0.072782
-0.073765
-0.074644
-0.07633
-0.077905
-0.07972
-0.081384
-0.083195
-0.084655
-0.085635
-0.085936
-0.08581
-0.084967
-0.084065
-0.082812
-0.081295
-0.08045
-0.07962
-0.079259
-0.079536
-0.079718
-0.08014
-0.080286
-0.079909
-0.079308
-0.078443
-0.077183
-0.075722
-0.073839
-0.072907
-0.072402
-0.07212
-0.072965
-0.074195
-0.075601
-0.077385
-0.079058
-0.08065
-0.081399
-0.082272
-0.082802
-0.083201
-0.083423
-0.083918
-0.084674
-0.085363
-0.086428
-0.087813
-0.089161
-0.09048
-0.091545
-0.092243
-0.092441
-0.091612
-0.090179
-0.088112
-0.085657
-0.083144
-0.080735
-0.078901
-0.077034
-0.076022
-0.075632
-0.074949
-0.07408
-0.073129
-0.071783
-0.070491
-0.069166
-0.068153
-0.067268
-0.067145
-0.067554
-0.068862
-0.070315
-0.072285
-0.074356
-0.076276
-0.078028
-0.079439
-0.08055
-0.081401
-0.08243
-0.083658
-0.084782
-0.086512
-0.088023
-0.089486
-0.091142
-0.092133
-0.092663
-0.092721
-0.092203
-0.090921
-0.089254
-0.087052
-0.08425
-0.082235
-0.079651
-0.077516
-0.075572
-0.074027
-0.072843
-0.071881
-0.071169
-0.070634
-0.070526
-0.070435
-0.070103
-0.069976
-0.069733
-0.06913
-0.068572
-0.068243
-0.067868
-0.068017
-0.068683
-0.069382
-0.070502
-0.071701
-0.072388
-0.07347
-0.073852
-0.074192
-0.074514
-0.074772
-0.075095
-0.075185
-0.075621
-0.076244
-0.076956
-0.077348
-0.078022
-0.07846
-0.078532
-0.078936
-0.078504
-0.07808
-0.078071
-0.077868
-0.078023
-0.077825
-0.07765
-0.076989
-0.076318
-0.075458
-0.074362
-0.073664
-0.073259
-0.074039
-0.07489
-0.07645
-0.0789
-0.081722
-0.084042
-0.086375
-0.088121
-0.089134
-0.089537
-0.089958
-0.090032
-0.090292
-0.091014
-0.091833
-0.092882
-0.094143
-0.094683
-0.095107
-0.094684
-0.093613
-0.091839
-0.089471
-0.086808
-0.084173
-0.081635
-0.079747
-0.077952
-0.076121
-0.074875
-0.073351
-0.071343
-0.068906
-0.065972
-0.063524
-0.061045
-0.059184
-0.058203
-0.057995
-0.058632
-0.060255
-0.062762
-0.065467
-0.068517
-0.071153
-0.073321
-0.074899
-0.076297
-0.077383
-0.078318
-0.079384
-0.080301
-0.081509
-0.082405
-0.08325
-0.08424
-0.084337
-0.084164
-0.083614
-0.083146
-0.082078
-0.081346
-0.080882
-0.080188
-0.080105
-0.080769
-0.081656
-0.082579
-0.083129
-0.083527
-0.083194
-0.082163
-0.080653
-0.07881
-0.076942
-0.074728
-0.072938
-0.071504
-0.069962
-0.068922
-0.068206
-0.067679
-0.067001
-0.066706
-0.066554
-0.066938
-0.067547
-0.068852
-0.070474
-0.072543
-0.075063
-0.077616
-0.079709
-0.082059
-0.083913
-0.085213
-0.086311
-0.086775
-0.087007
-0.086984
-0.086754
-0.086142
-0.085475
-0.084682
-0.083889
-0.082766
-0.081913
-0.081172
-0.080338
-0.079371
-0.078405
-0.077775
-0.076991
-0.075873
-0.074921
-0.07406
-0.073118
-0.072059
-0.071574
-0.071622
-0.071711
-0.072443
-0.07366
-0.074427
-0.075544
-0.076339
-0.076952
-0.077428
-0.077914
-0.078246
-0.07903
-0.080208
-0.081929
-0.084055
-0.086295
-0.088339
-0.089901
-0.091061
-0.091765
-0.092166
-0.091893
-0.091783
-0.091531
-0.091947
-0.092553
-0.09335
-0.09411
-0.0946
-0.094949
-0.094302
-0.09268
-0.090887
-0.088118
-0.085555
-0.082749
-0.080582
-0.078358
-0.076927
-0.07525
-0.073967
-0.072911
-0.071399
-0.069834
-0.067716
-0.065949
-0.06394
-0.062632
-0.062139
-0.06205
-0.062585
-0.063615
-0.065252
-0.067188
-0.069333
-0.071113
-0.073128
-0.074818
-0.076586
-0.077769
-0.078805
-0.07929
-0.079425
-0.079931
-0.079706
-0.07987
-0.079869
-0.080188
-0.080642
-0.081132
-0.081588
-0.082359
-0.082423
-0.082617
-0.082148
-0.081642
-0.080725
-0.07973
-0.07878
-0.078258
-0.077714
-0.077615
-0.077659
-0.07796
-0.078722
-0.078882
-0.079243
-0.079347
-0.078964
-0.078755
-0.078249
-0.078126
-0.078031
-0.078228
-0.078753
-0.07918
-0.079994
-0.080458
-0.081322
-0.08186
-0.082002
-0.082031
-0.081774
-0.081148
-0.080289
-0.079094
-0.078207
-0.077051
-0.076157
-0.075396
-0.074979
-0.074493
-0.073672
-0.073081
-0.072165
-0.071214
-0.070351
-0.069338
-0.068427
-0.068093
-0.067802
-0.067989
-0.068643
-0.070083
-0.071803
-0.074143
-0.076301
-0.078386
-0.079918
-0.081017
-0.081628
-0.081544
-0.08128
-0.080714
-0.080533
-0.080617
-0.081112
-0.082166
-0.083445
-0.084938
-0.086487
-0.088183
-0.089548
-0.090475
-0.091306
-0.091431
-0.091158
-0.090647
-0.089585
-0.088293
-0.087192
-0.085891
-0.084729
-0.083513
-0.082773
-0.081886
-0.080702
-0.079618
-0.078355
-0.07643
-0.074431
-0.072328
-0.070138
-0.068232
-0.066711
-0.065753
-0.066026
-0.066847
-0.068025
-0.07043
-0.072347
-0.074656
-0.07636
-0.077948
-0.07854
-0.079099
-0.079122
-0.07883
-0.078381
-0.078323
-0.078238
-0.078477
-0.078447
-0.078522
-0.078247
-0.077611
-0.076547
-0.075373
-0.073947
-0.072435
-0.071139
-0.06995
-0.068861
-0.067627
-0.066515
-0.065348
-0.064584
-0.0636
-0.063445
-0.063829
-0.064629
-0.065632
-0.067152
-0.068666
-0.070434
-0.072362
-0.074441
-0.076695
-0.079498
-0.081972
-0.084048
-0.085992
-0.087337
-0.088281
-0.088568
-0.088106
-0.087322
-0.086695
-0.085677
-0.085024
-0.084845
-0.085164
-0.085771
-0.086463
-0.087373
-0.087772
-0.087798
-0.087337
-0.086312
-0.085254
-0.083836
-0.082438
-0.0812
-0.080094
-0.079519
-0.07943
-0.079176
-0.079292
-0.079101
-0.079398
-0.078938
-0.078477
-0.077753
-0.077109
-0.076135
-0.075597
-0.075516
-0.075709
-0.07601
-0.076428
-0.077145
-0.077187
-0.077018
-0.076766
-0.075667
-0.075057
-0.074189
-0.073341
-0.07297
-0.072986
-0.073256
-0.073722
-0.074671
-0.075435
-0.07615
-0.077111
-0.077352
-0.077722
-0.078249
-0.07894
-0.080005
-0.081327
-0.083289
-0.085352
-0.087027
-0.088734
-0.090281
-0.091159
-0.091569
-0.091514
-0.091431
-0.091158
-0.090592
-0.090722
-0.090548
-0.09067
-0.090222
-0.089613
-0.088698
-0.086953
-0.084767
-0.082549
-0.079847
-0.077096
-0.074821
-0.072546
-0.070739
-0.068598
-0.06696
-0.06536
-0.063688
-0.062119
-0.060732
-0.059795
-0.059385
-0.059568
-0.060235
-0.061151
-0.062532
-0.064156
-0.065688
-0.067249
-0.068693
-0.069713
-0.070967
-0.072189
-0.074203
-0.076432
-0.078898
-0.081748
-0.08424
-0.086123
-0.087911
-0.088284
-0.088048
-0.087353
-0.086184
-0.084643
-0.083319
-0.081914
-0.081596
-0.081078
-0.081521
-0.082234
-0.083077
-0.08332
-0.083802
-0.083854
-0.08388
-0.083739
-0.083473
-0.082943
-0.08243
-0.082078
-0.081473
-0.08057
-0.079278
-0.078266
-0.076894
-0.075545
-0.074658
-0.073843
-0.073504
-0.073483
-0.073286
-0.073643
-0.074152
-0.074664
-0.075298
-0.075986
-0.076701
-0.077575
-0.078589
-0.079377
-0.080223
-0.080477
-0.080608
-0.080096
-0.079454
-0.078288
-0.077581
-0.076799
-0.076517
-0.076394
-0.076978
-0.077647
-0.078736
-0.07934
-0.079975
-0.080101
-0.080075
-0.07953
-0.078786
-0.077819
-0.077328
-0.076918
-0.07633
-0.075875
-0.075284
-0.074006
-0.072834
-0.071635
-0.070637
-0.06934
-0.069279
-0.069492
-0.069856
-0.071293
-0.07273
-0.073851
-0.074792
-0.076044
-0.076712
-0.077491
-0.078906
-0.079613
-0.081239
-0.08316
-0.084423
-0.086024
-0.087044
-0.087641
-0.087663
-0.086724
-0.086096
-0.084953
-0.084261
-0.083263
-0.083005
-0.082928
-0.082978
-0.083587
-0.084025
-0.08403
-0.083968
-0.083442
-0.082511
-0.081434
-0.080067
-0.079088
-0.077897
-0.077692
-0.077204
-0.076845
-0.076317
-0.075609
-0.074393
-0.072918
-0.071198
-0.069578
-0.068337
-0.067695
-0.06681
-0.067051
-0.067566
-0.068437
-0.069551
-0.070336
-0.0713
-0.071775
-0.072037
-0.072103
-0.071639
-0.071519
-0.071692
-0.072442
-0.073783
-0.075707
-0.078112
-0.079954
-0.081708
-0.082468
-0.082574
-0.082047
-0.080478
-0.079267
-0.076875
-0.075299
-0.074184
-0.073356
-0.073696
-0.074555
-0.076774
-0.079037
-0.081389
-0.083633
-0.08529
-0.08637
-0.086831
-0.086871
-0.086592
-0.086542
-0.086261
-0.086457
-0.086764
-0.08722
-0.087581
-0.087995
-0.088195
-0.087804
-0.087302
-0.086488
-0.085659
-0.084388
-0.082676
-0.081457
-0.080412
-0.079381
-0.078413
-0.077834
-0.077081
-0.076372
-0.075907
-0.075314
-0.075055
-0.074981
-0.075209
-0.075272
-0.07522
-0.075113
-0.074841
-0.073926
-0.073006
-0.072614
-0.072178
-0.072207
-0.073028
-0.074366
-0.07581
-0.077686
-0.079559
-0.081596
-0.083774
-0.08535
-0.087217
-0.088761
-0.090097
-0.091254
-0.092127
-0.092604
-0.092471
-0.091506
-0.089937
-0.08796
-0.085839
-0.08396
-0.082044
-0.080905
-0.079841
-0.079374
-0.079258
-0.078471
-0.077996
-0.076656
-0.074862
-0.072818
-0.070998
-0.068976
-0.067258
-0.066705
-0.066865
-0.067374
-0.068741
-0.070073
-0.071144
-0.072178
-0.072716
-0.073021
-0.073185
-0.073821
-0.074304
-0.075157
-0.076192
-0.077406
-0.078441
-0.079234
-0.079918
-0.080466
-0.080471
-0.080814
-0.081114
-0.081504
-0.081443
-0.081229
-0.080678
-0.079452
-0.077779
-0.075593
-0.073089
-0.070806
-0.068298
-0.066639
-0.065607
-0.064545
-0.064822
-0.065066
-0.065833
-0.066629
-0.067597
-0.06817
-0.069041
-0.069918
-0.071071
-0.072023
-0.073505
-0.075369
-0.077564
-0.080019
-0.082832
-0.085473
-0.087721
-0.089641
-0.091184
-0.092219
-0.092649
-0.092626
-0.092341
-0.091604
-0.090934
-0.090094
-0.089004
-0.088238
-0.087496
-0.086461
-0.086138
-0.085647
-0.085161
-0.084646
-0.083858
-0.082777
-0.081588
-0.080521
-0.079097
-0.078535
-0.077618
-0.077119
-0.077183
-0.0773
-0.076913
-0.076542
-0.075965
-0.075242
-0.074302
-0.073132
-0.072273
-0.071846
-0.071524
-0.07215
-0.072606
-0.073516
-0.074699
-0.075616
-0.076015
-0.075896
-0.074914
-0.073591
-0.071544
-0.069855
-0.068083
-0.067092
-0.067101
-0.067794
-0.069101
-0.071146
-0.073701
-0.076105
-0.078605
-0.080445
-0.08185
-0.082277
-0.082083
-0.081349
-0.080229
-0.078982
-0.078098
-0.077732
-0.077784
-0.078242
-0.078913
-0.079591
-0.079747
-0.079599
-0.079406
-0.07867
-0.07868
-0.079101
-0.080078
-0.081372
-0.082988
-0.084542
-0.085843
-0.086495
-0.086533
-0.085754
-0.08455
-0.082812
-0.080781
-0.079044
-0.077216
-0.075657
-0.073952
-0.072488
-0.070389
-0.068249
-0.066185
-0.064562
-0.063338
-0.062862
-0.063014
-0.064241
-0.06578
-0.068062
-0.070236
-0.072448
-0.07376
-0.075291
-0.075794
-0.076699
-0.077235
-0.077878
-0.078574
-0.07979
-0.08141
-0.082833
-0.084546
-0.085988
-0.086772
-0.087241
-0.087073
-0.086776
-0.085972
-0.085215
-0.084985
-0.085075
-0.085711
-0.086145
-0.086467
-0.086617
-0.086243
-0.085748
-0.084795
-0.083869
-0.083176
-0.082823
-0.083254
-0.083748
-0.084384
-0.085042
-0.085363
-0.08495
-0.083991
-0.082578
-0.080225
-0.07811
-0.075924
-0.074208
-0.072957
-0.072329
-0.072644
-0.073051
-0.073934
-0.075054
-0.075545
-0.076428
-0.077269
-0.077584
-0.078188
-0.079165
-0.079676
-0.080813
-0.081466
-0.082161
-0.083078
-0.083919
-0.084283
-0.084972
-0.085276
-0.086319
-0.086618
-0.086491
-0.086682
-0.086503
-0.085871
-0.084651
-0.083473
-0.081893
-0.080139
-0.078301
-0.077065
-0.0755
-0.074059
-0.072555
-0.071278
-0.069727
-0.067984
-0.066632
-0.065199
-0.063859
-0.063083
-0.062952
-0.063064
-0.06365
-0.06533
-0.066962
-0.068891
-0.070937
-0.072928
-0.074861
-0.076169
-0.077346
-0.078329
-0.079211
-0.080155
-0.081473
-0.08275
-0.084468
-0.086105
-0.087574
-0.089293
-0.090708
-0.091494
-0.091874
-0.091677
-0.09128
-0.089845
-0.088488
-0.086665
-0.08491
-0.082746
-0.081152
-0.079703
-0.077919
-0.076311
-0.074516
-0.072658
-0.070711
-0.068416
-0.066869
-0.065121
-0.063765
-0.062266
-0.061485
-0.06085
-0.060781
-0.061371
-0.062659
-0.064413
-0.066716
-0.069136
-0.071621
-0.073649
-0.075761
-0.077037
-0.078036
-0.07868
-0.079168
-0.079714
-0.08041
-0.081121
-0.082159
-0.083483
-0.084412
-0.085518
-0.086582
-0.087087
-0.0872
-0.086969
-0.086695
-0.086361
-0.086159
-0.086069
-0.086631
-0.087311
-0.088435
-0.089151
-0.089702
-0.090088
-0.089987
-0.089751
-0.08886
-0.088198
-0.087211
-0.086492
-0.085255
-0.084087
-0.08229
-0.080533
-0.078573
-0.076036
-0.073501
-0.071371
-0.069854
-0.068401
-0.068221
-0.068509
-0.069665
-0.070769
-0.072063
-0.073057
-0.073609
-0.073459
-0.073323
-0.07267
-0.072338
-0.071969
-0.071902
-0.07211
-0.072716
-0.073365
-0.073493
-0.073886
-0.074129
-0.074181
-0.074409
-0.075004
-0.075833
-0.076671
-0.077602
-0.078357
-0.079117
-0.079611
-0.079693
-0.079237
-0.079165
-0.078893
-0.078162
-0.077824
-0.077997
-0.077968
-0.07868
-0.078845
-0.079164
-0.078731
-0.077748
-0.0766
-0.075205
-0.073576
-0.072696
-0.07267
-0.073358
-0.075108
-0.077581
-0.080539
-0.083404
-0.084976
-0.085687
-0.085119
-0.083569
-0.081176
-0.078797
-0.076396
-0.074796
-0.074158
-0.074347
-0.075361
-0.076926
-0.078324
-0.079434
-0.080041
-0.080543
-0.080219
-0.080154
-0.079606
-0.079308
-0.079456
-0.080386
-0.08184
-0.083378
-0.084885
-0.086212
-0.086966
-0.087066
-0.086547
-0.085127
-0.082977
-0.081039
-0.079479
-0.078221
-0.077608
-0.077734
-0.078186
-0.079422
-0.080422
-0.081634
-0.082357
-0.08267
-0.082423
-0.081718
-0.080479
-0.078771
-0.077001
-0.074977
-0.074109
-0.073607
-0.073544
-0.074497
-0.075959
-0.077857
-0.080435
-0.082303
-0.084249
-0.085654
-0.08625
-0.086728
-0.08648
-0.086236
-0.085457
-0.084761
-0.084551
-0.084703
-0.085049
-0.085643
-0.086134
-0.085927
-0.085408
-0.08427
-0.082715
-0.080718
-0.078704
-0.076566
-0.074688
-0.073335
-0.072571
-0.072635
-0.072783
-0.073185
-0.074139
-0.074532
-0.075048
-0.075229
-0.075428
-0.075409
-0.075378
-0.075538
-0.075591
-0.075812
-0.076553
-0.076867
-0.077393
-0.078153
-0.077596
-0.077454
-0.076701
-0.075525
-0.074385
-0.073054
-0.071648
-0.07054
-0.070227
-0.069795
-0.070212
-0.070333
-0.070628
-0.070787
-0.07107
-0.070996
-0.071328
-0.072069
-0.072841
-0.074112
-0.07609
-0.077888
-0.080158
-0.081722
-0.082886
-0.083858
-0.08409
-0.083954
-0.084112
-0.08459
-0.085285
-0.086571
-0.088042
-0.090127
-0.091862
-0.093155
-0.093712
-0.093409
-0.092091
-0.090241
-0.087644
-0.084958
-0.082036
-0.079577
-0.077312
-0.075537
-0.073745
-0.071824
-0.070077
-0.068464
-0.066473
-0.065121
-0.063452
-0.062644
-0.062119
-0.062629
-0.063521
-0.065244
-0.06725
-0.069592
-0.071859
-0.073746
-0.075458
-0.076471
-0.07706
-0.07682
-0.076527
-0.076554
-0.076531
-0.07703
-0.077958
-0.079409
-0.0813
-0.083061
-0.084749
-0.086216
-0.087312
-0.087647
-0.087512
-0.086906
-0.086411
-0.085974
-0.085659
-0.085989
-0.085587
-0.085835
-0.085445
-0.084581
-0.083363
-0.081381
-0.078862
-0.076296
-0.074044
-0.07224
-0.071409
-0.071502
-0.072047
-0.072991
-0.074472
-0.07531
-0.075501
-0.075389
-0.074789
-0.074191
-0.073457
-0.072944
-0.073299
-0.074203
-0.075447
-0.077389
-0.079642
-0.081564
-0.082736
-0.083836
-0.083189
-0.082295
-0.081219
-0.079615
-0.078425
-0.078089
-0.078355
-0.079584
-0.080762
-0.082133
-0.083144
-0.08353
-0.08318
-0.081411
-0.07951
-0.076826
-0.07453
-0.072195
-0.070791
-0.069956
-0.069816
-0.070099
-0.070301
-0.069992
-0.069029
-0.067607
-0.065552
-0.063364
-0.061504
-0.060553
-0.060439
-0.061607
-0.063773
-0.066521
-0.069871
-0.072806
-0.075825
-0.078225
-0.080219
-0.081773
-0.08296
-0.085066
-0.086569
-0.088215
-0.089516
-0.090782
-0.091873
-0.092162
-0.092626
-0.092626
-0.092555
-0.092226
-0.091581
-0.090682
-0.089535
-0.088061
-0.086934
-0.084872
-0.083255
-0.081653
-0.08011
-0.078562
-0.077479
-0.076848
-0.076465
-0.076143
-0.076225
-0.076298
-0.076351
-0.076472
-0.07606
-0.075282
-0.074312
-0.072815
-0.071926
-0.071137
-0.071001
-0.071304
-0.071751
-0.072687
-0.07353
-0.074669
-0.075274
-0.076003
-0.076126
-0.07682
-0.076671
-0.076986
-0.077236
-0.077853
-0.078343
-0.07939
-0.079909
-0.080521
-0.080995
-0.08158
-0.081842
-0.082129
-0.082857
-0.083333
-0.084004
-0.084637
-0.085418
-0.085885
-0.086165
-0.086517
-0.086544
-0.087034
-0.087088
-0.087391
-0.087688
-0.087776
-0.087839
-0.08704
-0.085859
-0.084131
-0.081884
-0.079437
-0.077543
-0.075793
-0.074421
-0.073729
-0.07308
-0.073046
-0.07348
-0.073934
-0.073987
-0.074306
-0.074297
-0.07455
-0.074438
-0.074775
-0.074477
-0.074756
-0.074729
-0.074662
-0.0741
-0.073056
-0.071975
-0.070852
-0.068941
-0.066967
-0.065512
-0.06408
-0.063234
-0.063391
-0.063951
-0.065247
-0.067226
-0.069636
-0.071697
-0.073867
-0.075583
-0.076701
-0.07728
-0.07737
-0.07723
-0.077255
-0.077351
-0.078018
-0.079092
-0.08067
-0.082143
-0.083673
-0.085029
-0.085651
-0.085672
-0.085072
-0.083758
-0.082591
-0.081138
-0.080083
-0.079742
-0.079564
-0.079838
-0.08021
-0.080996
-0.081513
-0.081737
-0.082211
-0.082309
-0.081789
-0.081266
-0.080785
-0.079916
-0.079048
-0.077803
-0.077017
-0.076206
-0.075474
-0.074689
-0.074382
-0.073936
-0.073956
-0.0739
-0.074152
-0.074755
-0.075081
-0.07566
-0.076094
-0.077002
-0.077814
-0.078847
-0.080292
-0.081401
-0.082946
-0.083768
-0.084489
-0.084757
-0.084331
-0.083298
-0.081997
-0.080622
-0.079467
-0.078428
-0.077932
-0.077483
-0.077685
-0.078111
-0.078125
-0.078255
-0.07739
-0.076482
-0.074798
-0.073177
-0.071243
-0.069626
-0.068429
-0.068322
-0.069057
-0.06995
-0.07206
-0.073989
-0.075992
-0.077705
-0.078876
-0.07961
-0.080082
-0.080253
-0.080504
-0.08095
-0.081889
-0.082971
-0.084438
-0.085934
-0.087221
-0.087867
-0.088286
-0.087743
-0.087101
-0.085912
-0.084427
-0.082805
-0.081407
-0.08024
-0.079437
-0.079086
-0.078805
-0.07846
-0.078933
-0.079176
-0.079223
-0.07926
-0.079056
-0.078635
-0.077856
-0.076737
-0.075461
-0.073737
-0.071843
-0.069956
-0.068578
-0.066935
-0.065927
-0.06476
-0.063983
-0.063054
-0.062598
-0.061956
-0.061488
-0.061369
-0.061803
-0.062571
-0.0644
-0.066574
-0.069257
-0.072241
-0.075374
-0.078229
-0.080989
-0.083286
-0.085054
-0.086331
-0.087424
-0.088301
-0.089237
-0.090081
-0.090795
-0.09161
-0.091975
-0.092715
-0.09241
-0.091881
-0.091338
-0.090661
-0.089744
-0.089203
-0.088868
-0.088429
-0.087873
-0.087608
-0.086848
-0.086352
-0.08566
-0.084833
-0.084175
-0.083306
-0.082379
-0.081579
-0.080539
-0.079576
-0.078814
-0.077635
-0.076543
-0.076016
-0.075087
-0.074763
-0.074834
-0.07457
-0.074527
-0.07454
-0.074494
-0.074456
-0.074357
-0.074406
-0.074723
-0.074814
-0.075175
-0.075525
-0.075927
-0.07533
-0.075508
-0.075019
-0.075221
-0.075589
-0.075832
-0.077031
-0.078093
-0.079574
-0.080955
-0.082481
-0.084259
-0.085563
-0.086521
-0.087512
-0.087653
-0.08741
-0.086896
-0.08583
-0.084727
-0.083125
-0.081698
-0.079591
-0.077579
-0.075562
-0.073626
-0.072214
-0.071722
-0.071579
-0.071663
-0.072308
-0.072867
-0.073628
-0.073939
-0.074227
-0.074345
-0.074534
-0.075162
-0.075723
-0.077473
-0.079401
-0.081752
-0.083987
-0.085655
-0.086673
-0.086894
-0.0852
-0.082897
-0.079568
-0.075898
-0.072396
-0.069728
-0.067477
-0.066466
-0.066442
-0.067031
-0.06809
-0.06909
-0.069236
-0.069186
-0.068772
-0.068063
-0.067462
-0.066973
-0.067268
-0.067702
-0.068789
-0.070348
-0.071868
-0.073091
-0.074354
-0.074731
-0.074704
-0.074936
-0.074807
-0.074473
-0.074401
-0.074625
-0.07477
-0.075372
-0.07632
-0.076877
-0.077474
-0.078434
-0.079311
-0.08049
-0.081738
-0.083446
-0.085272
-0.087193
-0.088582
-0.089727
-0.090436
-0.090588
-0.090447
-0.09014
-0.089869
-0.089945
-0.089821
-0.090097
-0.08991
-0.089539
-0.088351
-0.08655
-0.084537
-0.082445
-0.080574
-0.079157
-0.078288
-0.078162
-0.078858
-0.079572
-0.080255
-0.080411
-0.079936
-0.079059
-0.077724
-0.075897
-0.074624
-0.073477
-0.073233
-0.073923
-0.07531
-0.077211
-0.079101
-0.080387
-0.08101
-0.080777
-0.079689
-0.078201
-0.075975
-0.074141
-0.071927
-0.070137
-0.068975
-0.067863
-0.067088
-0.066203
-0.065473
-0.065125
-0.06483
-0.064717
-0.065532
-0.066718
-0.068648
-0.070481
-0.072734
-0.074423
-0.075496
-0.076288
-0.076373
-0.076122
-0.075726
-0.075702
-0.076121
-0.077053
-0.078465
-0.08061
-0.08284
-0.084918
-0.086916
-0.088185
-0.088601
-0.088913
-0.088715
-0.087797
-0.087035
-0.086125
-0.085022
-0.084117
-0.083246
-0.082362
-0.081322
-0.080386
-0.079087
-0.0778
-0.076054
-0.074395
-0.072742
-0.071218
-0.069928
-0.069067
-0.068145
-0.067275
-0.066885
-0.066585
-0.066751
-0.066715
-0.067183
-0.067476
-0.068303
-0.06906
-0.07031
-0.071216
-0.072557
-0.074191
-0.075693
-0.077079
-0.078401
-0.079842
-0.080721
-0.08164
-0.082716
-0.083763
-0.085318
-0.087168
-0.089547
-0.091428
-0.093287
-0.094577
-0.094781
-0.094847
-0.093864
-0.092479
-0.091096
-0.089416
-0.087008
-0.084954
-0.082532
-0.080668
-0.078848
-0.077561
-0.076842
-0.076421
-0.076298
-0.076188
-0.076423
-0.076596
-0.076399
-0.076509
-0.076453
-0.076225
-0.07607
-0.076627
-0.077358
-0.077893
-0.078799
-0.079472
-0.080321
-0.081043
-0.081539
-0.081764
-0.081705
-0.08176
-0.081684
-0.081535
-0.081828
-0.08197
-0.082323
-0.082779
-0.083059
-0.082638
-0.082239
-0.081543
-0.080037
-0.078049
-0.076366
-0.074267
-0.072718
-0.071926
-0.071384
-0.07128
-0.071408
-0.071468
-0.071232
-0.070245
-0.06885
-0.067559
-0.065999
-0.064697
-0.06421
-0.063966
-0.064745
-0.065861
-0.067213
-0.0689
-0.070209
-0.070883
-0.071683
-0.07177
-0.071569
-0.071438
-0.071443
-0.072288
-0.073477
-0.075306
-0.077591
-0.079925
-0.082509
-0.084406
-0.086693
-0.088221
-0.08947
-0.090442
-0.091368
-0.091904
-0.092414
-0.092431
-0.092354
-0.091664
-0.091076
-0.089709
-0.088523
-0.087001
-0.085417
-0.083929
-0.082281
-0.080519
-0.078678
-0.07684
-0.074751
-0.072766
-0.070865
-0.069296
-0.067785
-0.066392
-0.065548
-0.064781
-0.064487
-0.064536
-0.06508
-0.066151
-0.067327
-0.068571
-0.069913
-0.07105
-0.072058
-0.072536
-0.072661
-0.07246
-0.071936
-0.071392
-0.07105
-0.071114
-0.071691
-0.072348
-0.07398
-0.075787
-0.077285
-0.078753
-0.079887
-0.080656
-0.081184
-0.081731
-0.081796
-0.081995
-0.082393
-0.082992
-0.084695
-0.085928
-0.087782
-0.0895
-0.091138
-0.091811
-0.091759
-0.091342
-0.090497
-0.088958
-0.087728
-0.086855
-0.08571
-0.084824
-0.083978
-0.082897
-0.082123
-0.080382
-0.078637
-0.076763
-0.074594
-0.073065
-0.071638
-0.070647
-0.070162
-0.069861
-0.069959
-0.070354
-0.070405
-0.070906
-0.071227
-0.071212
-0.071468
-0.071688
-0.071931
-0.072399
-0.072853
-0.073916
-0.074871
-0.07578
-0.07665
-0.077187
-0.077365
-0.077424
-0.076782
-0.07651
-0.075775
-0.075141
-0.075121
-0.074892
-0.075348
-0.075826
-0.076653
-0.077603
-0.078712
-0.079098
-0.079575
-0.079696
-0.079739
-0.079452
-0.079301
-0.079197
-0.078888
-0.078971
-0.078932
-0.078863
-0.078695
-0.078064
-0.077804
-0.077144
-0.076792
-0.076573
-0.076455
-0.076438
-0.076851
-0.077321
-0.077598
-0.077695
-0.077942
-0.077627
-0.077368
-0.077078
-0.077015
-0.077095
-0.077424
-0.078415
-0.079439
-0.080618
-0.081582
-0.082971
-0.083569
-0.084199
-0.084209
-0.084044
-0.083814
-0.083202
-0.082929
-0.082457
-0.081656
-0.080901
-0.079855
-0.078232
-0.076249
-0.074248
-0.072521
-0.071204
-0.0707
-0.071053
-0.072331
-0.073674
-0.075284
-0.076934
-0.078291
-0.079336
-0.079915
-0.080832
-0.081306
-0.081912
-0.081857
-0.082216
-0.082417
-0.082384
-0.08215
-0.081396
-0.08093
-0.080378
-0.079829
-0.079484
-0.079771
-0.080273
-0.080908
-0.082327
-0.083081
-0.084336
-0.085361
-0.085615
-0.085584
-0.085228
-0.085023
-0.084355
-0.084037
-0.084152
-0.084187
-0.084964
-0.085404
-0.085751
-0.085806
-0.085421
-0.084784
-0.083329
-0.081609
-0.079991
-0.078131
-0.076639
-0.075057
-0.073839
-0.072963
-0.071841
-0.070976
-0.069944
-0.069138
-0.068488
-0.067848
-0.06766
-0.068326
-0.068879
-0.069709
-0.071054
-0.071762
-0.072383
-0.073005
-0.072974
-0.07264
-0.071915
-0.071028
-0.070393
-0.069862
-0.069716
-0.069629
-0.070465
-0.071307
-0.07236
-0.073236
-0.073952
-0.074566
-0.074335
-0.073866
-0.073382
-0.07296
-0.072682
-0.072993
-0.073423
-0.074833
-0.076278
-0.077577
-0.079155
-0.080252
-0.080851
-0.081212
-0.081814
-0.082144
-0.082524
-0.083322
-0.084209
-0.085792
-0.087756
-0.089613
-0.091209
-0.092213
-0.092595
-0.091284
-0.089264
-0.085962
-0.082324
-0.078318
-0.074422
-0.070985
-0.067841
-0.066117
-0.065105
-0.065184
-0.065416
-0.066099
-0.06693
-0.068256
-0.069098
-0.069954
-0.070978
-0.071721
-0.072814
-0.074112
-0.075635
-0.077356
-0.079246
-0.080892
-0.082175
-0.082771
-0.08245
-0.082426
-0.081722
-0.080718
-0.079885
-0.079159
-0.079408
-0.080207
-0.081317
-0.082597
-0.083716
-0.084615
-0.085294
-0.08491
-0.08408
-0.082533
-0.08054
-0.07856
-0.076927
-0.075509
-0.074826
-0.074462
-0.074751
-0.075064
-0.075518
-0.075641
-0.075547
-0.075541
-0.075709
-0.075992
-0.076611
-0.077827
-0.079344
-0.080999
-0.082713
-0.084186
-0.08498
-0.085434
-0.084688
-0.083575
-0.082019
-0.080672
-0.079337
-0.078015
-0.077468
-0.077062
-0.07728
-0.077155
-0.077259
-0.077103
-0.076826
-0.076418
-0.076675
-0.077013
-0.077272
-0.077197
-0.077409
-0.077287
-0.076824
-0.075983
-0.074934
-0.073553
-0.07203
-0.070221
-0.068612
-0.067068
-0.06546
-0.064403
-0.063836
-0.06318
-0.063279
-0.063108
-0.063589
-0.063712
-0.064499
-0.065682
-0.066921
-0.068928
-0.071172
-0.073896
-0.077357
-0.080137
-0.083553
-0.085968
-0.088429
-0.089973
-0.091136
-0.09161
-0.091712
-0.091455
-0.090868
-0.090034
-0.088837
-0.087371
-0.086118
-0.084478
-0.083483
-0.082237
-0.081862
-0.081259
-0.080807
-0.080622
-0.079588
-0.078395
-0.077247
-0.075835
-0.074645
-0.073697
-0.073496
-0.073423
-0.074029
-0.074889
-0.075797
-0.076845
-0.077766
-0.078211
-0.078452
-0.078808
-0.078849
-0.078332
-0.078438
-0.078647
-0.078666
-0.079204
-0.080324
-0.081468
-0.082694
-0.083762
-0.083823
-0.083682
-0.082971
-0.081344
-0.079851
-0.078271
-0.076752
-0.076146
-0.075653
-0.075566
-0.075634
-0.075744
-0.076266
-0.07623
-0.076398
-0.076237
-0.076068
-0.076028
-0.076059
-0.076649
-0.077448
-0.078404
-0.079416
-0.080114
-0.080911
-0.081375
-0.081924
-0.082357
-0.082244
-0.082084
-0.082363
-0.082585
-0.082746
-0.083176
-0.083312
-0.083576
-0.083318
-0.082836
-0.08209
-0.08058
-0.078578
-0.076946
-0.075066
-0.073863
-0.073112
-0.072764
-0.072514
-0.072727
-0.072528
-0.072027
-0.070921
-0.069472
-0.067501
-0.0654
-0.063836
-0.062544
-0.061614
-0.061858
-0.0629
-0.064315
-0.065704
-0.067105
-0.068355
-0.06909
-0.069294
-0.069212
-0.069018
-0.069175
-0.069734
-0.070547
-0.072584
-0.074669
-0.07716
-0.078964
-0.080578
-0.082031
-0.082312
-0.082436
-0.08154
-0.080897
-0.08029
-0.079656
-0.079811
-0.080433
-0.081022
-0.081794
-0.082633
-0.083018
-0.083102
-0.082578
-0.081543
-0.080455
-0.079224
-0.078142
-0.077903
-0.077792
-0.078874
-0.079944
-0.081099
-0.08253
-0.083385
-0.083661
-0.083329
-0.081939
-0.080417
-0.078727
-0.07744
-0.076392
-0.076033
-0.076361
-0.077525
-0.078944
-0.080514
-0.081619
-0.082408
-0.082701
-0.082414
-0.082399
-0.082434
-0.082965
-0.084244
-0.0854
-0.087156
-0.088502
-0.089029
-0.088644
-0.087643
-0.085207
-0.082508
-0.079
-0.076357
-0.073569
-0.071269
-0.069588
-0.068454
-0.067286
-0.066271
-0.065187
-0.06369
-0.061911
-0.059958
-0.058205
-0.056767
-0.056727
-0.057719
-0.060432
-0.064002
-0.068387
-0.073063
-0.07705
-0.080531
-0.082967
-0.084442
-0.085287
-0.085367
-0.086015
-0.08706
-0.0888
-0.090411
-0.092205
-0.093452
-0.09409
-0.093491
-0.092255
-0.089898
-0.086987
-0.083383
-0.07971
-0.076632
-0.073734
-0.071995
-0.070525
-0.070298
-0.070706
-0.07121
-0.072155
-0.073477
-0.074505
-0.075372
-0.075636
-0.074836
-0.074502
-0.073059
-0.071695
-0.070102
-0.069084
-0.068488
-0.068664
-0.069414
-0.070472
-0.071836
-0.072686
-0.073261
-0.073795
-0.073447
-0.072587
-0.071746
-0.071411
-0.071362
-0.071793
-0.073383
-0.075825
-0.078927
-0.082551
-0.085828
-0.088486
-0.090495
-0.091499
-0.091299
-0.090596
-0.088874
-0.087745
-0.08667
-0.086032
-0.085653
-0.085851
-0.086601
-0.086838
-0.086843
-0.086755
-0.085967
-0.084894
-0.083544
-0.082048
-0.080652
-0.079808
-0.079064
-0.078925
-0.079129
-0.079495
-0.080129
-0.080995
-0.081737
-0.082675
-0.08304
-0.083227
-0.083162
-0.083137
-0.082627
-0.081927
-0.081497
-0.080781
-0.080017
-0.079091
-0.078149
-0.077224
-0.076648
-0.075648
-0.075474
-0.075293
-0.075763
-0.075917
-0.076651
-0.07647
-0.076059
-0.074998
-0.0733
-0.070966
-0.068302
-0.066054
-0.064267
-0.06308
-0.063355
-0.065016
-0.067182
-0.070538
-0.073799
-0.076819
-0.079058
-0.080559
-0.080926
-0.080758
-0.080265
-0.07964
-0.079231
-0.079415
-0.079581
-0.080808
-0.08141
-0.081704
-0.08137
-0.080657
-0.078816
-0.076137
-0.07369
-0.071758
-0.070574
-0.070491
-0.071269
-0.072953
-0.075351
-0.077994
-0.080476
-0.082638
-0.084068
-0.084779
-0.084852
-0.084422
-0.083773
-0.08319
-0.082245
-0.082021
-0.081641
-0.081444
-0.08061
-0.079698
-0.078352
-0.076568
-0.075572
-0.073961
-0.072929
-0.072869
-0.072916
-0.073489
-0.074204
-0.075564
-0.076493
-0.077192
-0.077335
-0.077033
-0.075889
-0.073934
-0.072192
-0.069856
-0.067703
-0.066199
-0.065524
-0.065207
-0.065516
-0.066367
-0.067391
-0.067952
-0.068914
-0.069265
-0.069332
-0.069511
-0.069297
-0.069666
-0.070463
-0.071974
-0.07401
-0.077446
-0.080951
-0.084179
-0.087458
-0.089717
-0.090897
-0.091245
-0.091248
-0.090456
-0.089926
-0.089394
-0.089563
-0.09012
-0.090675
-0.091371
-0.091315
-0.090841
-0.090017
-0.087954
-0.085885
-0.083559
-0.08181
-0.080059
-0.078925
-0.077975
-0.077636
-0.077492
-0.077328
-0.076964
-0.076149
-0.075179
-0.073846
-0.072159
-0.070717
-0.069593
-0.068763
-0.068669
-0.068677
-0.069207
-0.069373
-0.070163
-0.070216
-0.070618
-0.070363
-0.069835
-0.069991
-0.070358
-0.070904
-0.071646
-0.072952
-0.074051
-0.074985
-0.075841
-0.076236
-0.076364
-0.076114
-0.076077
-0.075761
-0.076201
-0.076837
-0.077701
-0.079402
-0.080424
-0.081628
-0.082531
-0.082968
-0.082811
-0.08209
-0.081395
-0.080178
-0.078718
-0.07803
-0.077526
-0.077779
-0.078277
-0.078937
-0.079613
-0.08018
-0.080642
-0.080476
-0.080391
-0.07974
-0.079107
-0.078708
-0.078667
-0.07918
-0.079771
-0.080906
-0.081945
-0.083187
-0.083925
-0.083862
-0.083137
-0.082027
-0.080424
-0.078929
-0.077314
-0.076474
-0.075609
-0.075451
-0.075564
-0.075902
-0.076079
-0.076563
-0.076692
-0.076591
-0.076492
-0.075934
-0.075328
-0.074904
-0.073882
-0.073397
-0.072749
-0.072071
-0.072171
-0.072134
-0.072229
-0.071962
-0.072336
-0.071907
-0.071608
-0.071478
-0.071068
-0.071328
-0.071316
-0.072176
-0.073604
-0.075306
-0.076992
-0.078995
-0.080939
-0.082533
-0.083268
-0.083014
-0.082231
-0.081151
-0.079744
-0.079072
-0.078604
-0.078986
-0.079986
-0.081269
-0.082753
-0.084091
-0.084854
-0.084901
-0.084643
-0.084505
-0.083853
-0.083668
-0.083788
-0.084879
-0.085882
-0.087619
-0.090093
-0.091775
-0.09326
-0.093588
-0.092906
-0.091736
-0.089599
-0.087314
-0.084893
-0.082991
-0.080732
-0.079728
-0.078084
-0.076353
-0.074542
-0.072304
-0.070065
-0.067818
-0.065618
-0.064014
-0.062924
-0.062559
-0.061869
-0.061705
-0.061388
-0.061568
-0.061524
-0.061624
-0.062135
-0.063164
-0.06477
-0.066579
-0.068051
-0.070071
-0.071449
-0.07259
-0.073511
-0.074055
-0.0741
-0.074655
-0.075055
-0.075998
-0.077339
-0.078232
-0.079652
-0.08057
-0.081179
-0.081635
-0.081874
-0.082299
-0.082978
-0.083513
-0.084352
-0.085561
-0.086478
-0.087544
-0.08824
-0.087934
-0.087367
-0.085709
-0.083657
-0.081724
-0.079616
-0.077904
-0.076154
-0.075502
-0.074371
-0.073685
-0.072458
-0.071805
-0.070563
-0.069215
-0.068315
-0.067426
-0.067103
-0.067077
-0.06713
-0.067104
-0.067105
-0.066834
-0.066642
-0.066724
-0.066831
-0.067516
-0.068455
-0.070614
-0.07302
-0.07604
-0.07926
-0.082101
-0.084392
-0.085874
-0.085961
-0.085711
-0.084662
-0.083361
-0.0823
