-0.003598
-0.015332
-0.031609
-0.050994
-0.071087
-0.089539
-0.104068
-0.115241
-0.122547
-0.126682
-0.129768
-0.131657
-0.134321
-0.137288
-0.140789
-0.143463
-0.144945
-0.144087
-0.141125
-0.136338
-0.130695
-0.125499
-0.122205
-0.121562
-0.123933
-0.128096
-0.133446
-0.138025
-0.141091
-0.141447
-0.140487
-0.137953
-0.136077
-0.135331
-0.136857
-0.140099
-0.1445
-0.148429
-0.150481
-0.149741
-0.146142
-0.139453
-0.130678
-0.121167
-0.111751
-0.103673
-0.09725
-0.09273
-0.089807
-0.087961
-0.087018
-0.086637
-0.086481
-0.087367
-0.088621
-0.091235
-0.095682
-0.101068
-0.106898
-0.112756
-0.118012
-0.121886
-0.124051
-0.124896
-0.124881
-0.125385
-0.126041
-0.127132
-0.129063
-0.13031
-0.130776
-0.129636
-0.12633
-0.121911
-0.115956
-0.110351
-0.105844
-0.103707
-0.103223
-0.105219
-0.108351
-0.111708
-0.114389
-0.115377
-0.114594
-0.112713
-0.110086
-0.107531
-0.10675
-0.107832
-0.110125
-0.113754
-0.117598
-0.120335
-0.121339
-0.119952
-0.116412
-0.111679
-0.106191
-0.101091
-0.097535
-0.096189
-0.096972
-0.099819
-0.103823
-0.108708
-0.112782
-0.116388
-0.119264
-0.121561
-0.123089
-0.124951
-0.126801
-0.128758
-0.130248
-0.131391
-0.130965
-0.129156
-0.126279
-0.122839
-0.119465
-0.117091
-0.116451
-0.116738
-0.118062
-0.119869
-0.120784
-0.120283
-0.117938
-0.114106
-0.109509
-0.104942
-0.10144
-0.099881
-0.100442
-0.102833
-0.106904
-0.111218
-0.114842
-0.117094
-0.117839
-0.116749
-0.113962
-0.111111
-0.108024
-0.106198
-0.104831
-0.104606
-0.105024
-0.105277
-0.10517
-0.104057
-0.102541
-0.100746
-0.098848
-0.097331
-0.096934
-0.09742
-0.099506
-0.101178
-0.103628
-0.106487
-0.108404
-0.110027
-0.11148
-0.113112
-0.114956
-0.117277
-0.120467
-0.124535
-0.128544
-0.131993
-0.134237
-0.13441
-0.132124
-0.128183
-0.122974
-0.117913
-0.113702
-0.111801
-0.112235
-0.114475
-0.117396
-0.120834
-0.123768
-0.125538
-0.125981
-0.125627
-0.12462
-0.1239
-0.123665
-0.124415
-0.126091
-0.128057
-0.129782
-0.131138
-0.131194
-0.129889
-0.12719
-0.123111
-0.118542
-0.113752
-0.109102
-0.105406
-0.102833
-0.101555
-0.101739
-0.10233
-0.104391
-0.106878
-0.109064
-0.111307
-0.112733
-0.113075
-0.113014
-0.111744
-0.109797
-0.107518
-0.105254
-0.104067
-0.103938
-0.10567
-0.108215
-0.111354
-0.115302
-0.118605
-0.120752
-0.121161
-0.119904
-0.117405
-0.114025
-0.110911
-0.108472
-0.107387
-0.107845
-0.110078
-0.112986
-0.116141
-0.11865
-0.119032
-0.117869
-0.114827
-0.110744
-0.106813
-0.104063
-0.102771
-0.103405
-0.105195
-0.107646
-0.110078
-0.111922
-0.1134
-0.113592
-0.114077
-0.114415
-0.114965
-0.11614
-0.118366
-0.120557
-0.12309
-0.125455
-0.127054
-0.127357
-0.126133
-0.123444
-0.120323
-0.116313
-0.11332
-0.111613
-0.110799
-0.110863
-0.111466
-0.112346
-0.112622
-0.11249
-0.111486
-0.109207
-0.106829
-0.104313
-0.101431
-0.100169
-0.099972
-0.100958
-0.103064
-0.106173
-0.109135
-0.112595
-0.115593
-0.117614
-0.119447
-0.120521
-0.121221
-0.121556
-0.120958
-0.120234
-0.118356
-0.116251
-0.114156
-0.111885
-0.110772
-0.110074
-0.110255
-0.111546
-0.113212
-0.114822
-0.11614
-0.116923
-0.116665
-0.115735
-0.115132
-0.11432
-0.114153
-0.115067
-0.116694
-0.118579
-0.120249
-0.121285
-0.122101
-0.121876
-0.1209
-0.118424
-0.11623
-0.113526
-0.111272
-0.11006
-0.109783
-0.11047
-0.111908
-0.113331
-0.11471
-0.115461
-0.115863
-0.115468
-0.115385
-0.115034
-0.115651
-0.117054
-0.118482
-0.120618
-0.123145
-0.125559
-0.128191
-0.130579
-0.132483
-0.133712
-0.133392
-0.131832
-0.129021
-0.124944
-0.120382
-0.115383
-0.110971
-0.107873
-0.105657
-0.105738
-0.106518
-0.10871
-0.110734
-0.11214
-0.111975
-0.110266
-0.107165
-0.103037
-0.09865
-0.094123
-0.091194
-0.088719
-0.088074
-0.087819
-0.088344
-0.089536
-0.090566
-0.091923
-0.092568
-0.093136
-0.093893
-0.094745
-0.095943
-0.097791
-0.099897
-0.10186
-0.104298
-0.105744
-0.107458
-0.108794
-0.110533
-0.112814
-0.116032
-0.120459
-0.125589
-0.131266
-0.136931
-0.141079
-0.144326
-0.145318
-0.144622
-0.142848
-0.139835
-0.137176
-0.13528
-0.134632
-0.135078
-0.136795
-0.139018
-0.14118
-0.142567
-0.14256
-0.141073
-0.137756
-0.13327
-0.127544
-0.122034
-0.116567
-0.111836
-0.10849
-0.105787
-0.103894
-0.102059
-0.100926
-0.099691
-0.098598
-0.097656
-0.096941
-0.096221
-0.095445
-0.094515
-0.093358
-0.091932
-0.091122
-0.089944
-0.089816
-0.09022
-0.091433
-0.093153
-0.096112
-0.098587
-0.101499
-0.104782
-0.107887
-0.110626
-0.113562
-0.116154
-0.118318
-0.120183
-0.122342
-0.124195
-0.126499
-0.129021
-0.131757
-0.134187
-0.136316
-0.137409
-0.137602
-0.136564
-0.133999
-0.130248
-0.125762
-0.120995
-0.116983
-0.113199
-0.11077
-0.109588
-0.109741
-0.110222
-0.111289
-0.112454
-0.113108
-0.113236
-0.113075
-0.11217
-0.110909
-0.1091
-0.107131
-0.105545
-0.104181
-0.103897
-0.10459
-0.1058
-0.108186
-0.110955
-0.113399
-0.115504
-0.116114
-0.115809
-0.114159
-0.111876
-0.109268
-0.107684
-0.107183
-0.108968
-0.112933
-0.118842
-0.125795
-0.132761
-0.138494
-0.141735
-0.142585
-0.140997
-0.136978
-0.131587
-0.125623
-0.120821
-0.117094
-0.115078
-0.114585
-0.11495
-0.11528
-0.115849
-0.11521
-0.113695
-0.111574
-0.109016
-0.106378
-0.10342
-0.100788
-0.098592
-0.096691
-0.096189
-0.096621
-0.097267
-0.099508
-0.102713
-0.105879
-0.109232
-0.111994
-0.114027
-0.11462
-0.113944
-0.111538
-0.108258
-0.104238
-0.099826
-0.096166
-0.094009
-0.093619
-0.094715
-0.097777
-0.102098
-0.106917
-0.112027
-0.116284
-0.119728
-0.121897
-0.123274
-0.124442
-0.125302
-0.126799
-0.128624
-0.131485
-0.134484
-0.137437
-0.140414
-0.142106
-0.142772
-0.142056
-0.140064
-0.136655
-0.132599
-0.127996
-0.123892
-0.120232
-0.117785
-0.116545
-0.1156
-0.115859
-0.11669
-0.11724
-0.117596
-0.117204
-0.116287
-0.114684
-0.11321
-0.110764
-0.108331
-0.106101
-0.105424
-0.105312
-0.105748
-0.107096
-0.108039
-0.108913
-0.108813
-0.107504
-0.105178
-0.101922
-0.098575
-0.09566
-0.093359
-0.092192
-0.092369
-0.09315
-0.095229
-0.097586
-0.100155
-0.103296
-0.106125
-0.109024
-0.111969
-0.115647
-0.118963
-0.122547
-0.125739
-0.128494
-0.130367
-0.131172
-0.130718
-0.129854
-0.128489
-0.126706
-0.125575
-0.124733
-0.123499
-0.122244
-0.120716
-0.11846
-0.116152
-0.113145
-0.110088
-0.107553
-0.105516
-0.104018
-0.103974
-0.105618
-0.107918
-0.110932
-0.114136
-0.116927
-0.118311
-0.117959
-0.116124
-0.11254
-0.10824
-0.103371
-0.100013
-0.097369
-0.096683
-0.097838
-0.10014
-0.103826
-0.10702
-0.110412
-0.112459
-0.113948
-0.114492
-0.114474
-0.114198
-0.114012
-0.114047
-0.114277
-0.115074
-0.116137
-0.11744
-0.118402
-0.119842
-0.12149
-0.122771
-0.124832
-0.127224
-0.130127
-0.132543
-0.134275
-0.134687
-0.134208
-0.13176
-0.127964
-0.122771
-0.117791
-0.112804
-0.108748
-0.105938
-0.105247
-0.105798
-0.107557
-0.110107
-0.113033
-0.115192
-0.116887
-0.118145
-0.119093
-0.120159
-0.121376
-0.123253
-0.12568
-0.127624
-0.128768
-0.128935
-0.12696
-0.123944
-0.119116
-0.113769
-0.108689
-0.104306
-0.101316
-0.099451
-0.09938
-0.100789
-0.102991
-0.105831
-0.108463
-0.111116
-0.113189
-0.114625
-0.115173
-0.115327
-0.11452
-0.113713
-0.112774
-0.111436
-0.110842
-0.111336
-0.111744
-0.113112
-0.114259
-0.115567
-0.116228
-0.116976
-0.116345
-0.115426
-0.113819
-0.111294
-0.109114
-0.107384
-0.106508
-0.106248
-0.106623
-0.108554
-0.111475
-0.114538
-0.117526
-0.120304
-0.122305
-0.122877
-0.122333
-0.120867
-0.118686
-0.116084
-0.112836
-0.109769
-0.106514
-0.103445
-0.101155
-0.099555
-0.099075
-0.099903
-0.10125
-0.103398
-0.105845
-0.108058
-0.109411
-0.110668
-0.110702
-0.110298
-0.109624
-0.108478
-0.107797
-0.108023
-0.109231
-0.110624
-0.113456
-0.116798
-0.120453
-0.123945
-0.126681
-0.128933
-0.130338
-0.130865
-0.130333
-0.12887
-0.126828
-0.124362
-0.121896
-0.119638
-0.117759
-0.117054
-0.116987
-0.117558
-0.119418
-0.121266
-0.12336
-0.12514
-0.127199
-0.128508
-0.128831
-0.128379
-0.12661
-0.124019
-0.120089
-0.115768
-0.111506
-0.107558
-0.10432
-0.102043
-0.100066
-0.099012
-0.097797
-0.097423
-0.09697
-0.097196
-0.097809
-0.099231
-0.101343
-0.104037
-0.10789
-0.11175
-0.115373
-0.119221
-0.12136
-0.121989
-0.121277
-0.119206
-0.115728
-0.111925
-0.108363
-0.10592
-0.104795
-0.105603
-0.107555
-0.110397
-0.113334
-0.116007
-0.118187
-0.119706
-0.120542
-0.12063
-0.120362
-0.120753
-0.120866
-0.122015
-0.12308
-0.124286
-0.125255
-0.126108
-0.126931
-0.126984
-0.126714
-0.126175
-0.125334
-0.124033
-0.122468
-0.12035
-0.117949
-0.115704
-0.113675
-0.11234
-0.111828
-0.112653
-0.11471
-0.117529
-0.120879
-0.124234
-0.126091
-0.126468
-0.12471
-0.121057
-0.116394
-0.111201
-0.107063
-0.103984
-0.102767
-0.103066
-0.104812
-0.107655
-0.109906
-0.112102
-0.113561
-0.11426
-0.114645
-0.114459
-0.114102
-0.113207
-0.112426
-0.111588
-0.110052
-0.108895
-0.107528
-0.105896
-0.105321
-0.105821
-0.106414
-0.108335
-0.110951
-0.113915
-0.116888
-0.119324
-0.11982
-0.119098
-0.117276
-0.114348
-0.111153
-0.108522
-0.107747
-0.108312
-0.110665
-0.114039
-0.118082
-0.121559
-0.123517
-0.123304
-0.121371
-0.118027
-0.113841
-0.110666
-0.108227
-0.107935
-0.10919
-0.111682
-0.114305
-0.115995
-0.117152
-0.116157
-0.114337
-0.111373
-0.108786
-0.106877
-0.105741
-0.10596
-0.107525
-0.110184
-0.113648
-0.117104
-0.120577
-0.123181
-0.125076
-0.126265
-0.126828
-0.126474
-0.126595
-0.126875
-0.127806
-0.128804
-0.129987
-0.131536
-0.132029
-0.131492
-0.13039
-0.128269
-0.126235
-0.124067
-0.121192
-0.118597
-0.115151
-0.112393
-0.109082
-0.105862
-0.102939
-0.101168
-0.099686
-0.098587
-0.098345
-0.098068
-0.097793
-0.097597
-0.09693
-0.096837
-0.097052
-0.097345
-0.098438
-0.100187
-0.102577
-0.104807
-0.10671
-0.108646
-0.110179
-0.111161
-0.110869
-0.110467
-0.10943
-0.108524
-0.107411
-0.10733
-0.108404
-0.109271
-0.110773
-0.112325
-0.114161
-0.116021
-0.117821
-0.120541
-0.123093
-0.12669
-0.130424
-0.134574
-0.138386
-0.141347
-0.143473
-0.144366
-0.144093
-0.143014
-0.141053
-0.138984
-0.13675
-0.135276
-0.134403
-0.133646
-0.13234
-0.129441
-0.125279
-0.119452
-0.112348
-0.105284
-0.09839
-0.092966
-0.089396
-0.087361
-0.087081
-0.087483
-0.089023
-0.090918
-0.093448
-0.096368
-0.098699
-0.101765
-0.104237
-0.10643
-0.108032
-0.109974
-0.110705
-0.110354
-0.108967
-0.106431
-0.10276
-0.099094
-0.095222
-0.09306
-0.092638
-0.095003
-0.099213
-0.105529
-0.112509
-0.118848
-0.124462
-0.128234
-0.130207
-0.130866
-0.13058
-0.130837
-0.130985
-0.13274
-0.13539
-0.138582
-0.141622
-0.143913
-0.14431
-0.142403
-0.138753
-0.133205
-0.12673
-0.119539
-0.113374
-0.108601
-0.10597
-0.104331
-0.105412
-0.106994
-0.108588
-0.110181
-0.110841
-0.110844
-0.109985
-0.108839
-0.106972
-0.10523
-0.104111
-0.103335
-0.1023
-0.102008
-0.101836
-0.101558
-0.102155
-0.102379
-0.103237
-0.104296
-0.105881
-0.107711
-0.109208
-0.111056
-0.11254
-0.113955
-0.115224
-0.115984
-0.116906
-0.117715
-0.11885
-0.1204
-0.121974
-0.12364
-0.125383
-0.126449
-0.126998
-0.127056
-0.126655
-0.125637
-0.124217
-0.123104
-0.121716
-0.1203
-0.11884
-0.116901
-0.115421
-0.113693
-0.112281
-0.111503
-0.110958
-0.110717
-0.110638
-0.109875
-0.108611
-0.106491
-0.104022
-0.101064
-0.098665
-0.0972
-0.097503
-0.099754
-0.103969
-0.109606
-0.114765
-0.119727
-0.123381
-0.125417
-0.126101
-0.125754
-0.124051
-0.122782
-0.121898
-0.121858
-0.122949
-0.124695
-0.126725
-0.128483
-0.129477
-0.129477
-0.127877
-0.125247
-0.122584
-0.119057
-0.11673
-0.115144
-0.114512
-0.115053
-0.116362
-0.117706
-0.118529
-0.119208
-0.119223
-0.119116
-0.119054
-0.11962
-0.119938
-0.120111
-0.120143
-0.119144
-0.1164
-0.111756
-0.105673
-0.098874
-0.091743
-0.085915
-0.081059
-0.079269
-0.08007
-0.082531
-0.086947
-0.091884
-0.096936
-0.101185
-0.104016
-0.104838
-0.104799
-0.103806
-0.102775
-0.102597
-0.104365
-0.107037
-0.111765
-0.11679
-0.121813
-0.125394
-0.127371
-0.127083
-0.125126
-0.122065
-0.119073
-0.116659
-0.115748
-0.116085
-0.117486
-0.119042
-0.120506
-0.12187
-0.122577
-0.123149
-0.123354
-0.123788
-0.124865
-0.126758
-0.129408
-0.131814
-0.133668
-0.134346
-0.133514
-0.130934
-0.126739
-0.121811
-0.11641
-0.111706
-0.108273
-0.105806
-0.104607
-0.103906
-0.103756
-0.104039
-0.103769
-0.103356
-0.10261
-0.101825
-0.101057
-0.101242
-0.101807
-0.102724
-0.104346
-0.106026
-0.107604
-0.108249
-0.108458
-0.10811
-0.107178
-0.106968
-0.107406
-0.108799
-0.111378
-0.114816
-0.118653
-0.12276
-0.126457
-0.129309
-0.131578
-0.13302
-0.133264
-0.132873
-0.132109
-0.13066
-0.12881
-0.126026
-0.123092
-0.119375
-0.114924
-0.11134
-0.107501
-0.105414
-0.10468
-0.105865
-0.10808
-0.110983
-0.113137
-0.113672
-0.112007
-0.108625
-0.103134
-0.097719
-0.093195
-0.091211
-0.091733
-0.094679
-0.099706
-0.105088
-0.110797
-0.114961
-0.117631
-0.118568
-0.118278
-0.11729
-0.116452
-0.115819
-0.115948
-0.116783
-0.117541
-0.118328
-0.118804
-0.118448
-0.117885
-0.116583
-0.1162
-0.116753
-0.117299
-0.119416
-0.121525
-0.124754
-0.126805
-0.128033
-0.128014
-0.126547
-0.124425
-0.122009
-0.119703
-0.11783
-0.11704
-0.117156
-0.11734
-0.117447
-0.117155
-0.116101
-0.114312
-0.111975
-0.109888
-0.108318
-0.10803
-0.108202
-0.11044
-0.112379
-0.11388
-0.114252
-0.112838
-0.109291
-0.104169
-0.098259
-0.092965
-0.088221
-0.086169
-0.086202
-0.088557
-0.092509
-0.097437
-0.101743
-0.104883
-0.106704
-0.107101
-0.106551
-0.106365
-0.105717
-0.106714
-0.108729
-0.111356
-0.114668
-0.117948
-0.120042
-0.120838
-0.12069
-0.118765
-0.117157
-0.114785
-0.113701
-0.113594
-0.114697
-0.117092
-0.119703
-0.1218
-0.123723
-0.124186
-0.123939
-0.123215
-0.122959
-0.122868
-0.124591
-0.12783
-0.132089
-0.136532
-0.140847
-0.143385
-0.144306
-0.143139
-0.13975
-0.135316
-0.130167
-0.125241
-0.121185
-0.118519
-0.117595
-0.117084
-0.117334
-0.117916
-0.117986
-0.116955
-0.115279
-0.113209
-0.1112
-0.108467
-0.105805
-0.103617
-0.101308
-0.099019
-0.097101
-0.095748
-0.095115
-0.094563
-0.095798
-0.097034
-0.098888
-0.101094
-0.102491
-0.103733
-0.103509
-0.10221
-0.100711
-0.098654
-0.097774
-0.097572
-0.099423
-0.102604
-0.106973
-0.112133
-0.116777
-0.119846
-0.121433
-0.120473
-0.117788
-0.114033
-0.11039
-0.107745
-0.107601
-0.109449
-0.113274
-0.118501
-0.12362
-0.127318
-0.128947
-0.128311
-0.125433
-0.121146
-0.117227
-0.113888
-0.112601
-0.113447
-0.116386
-0.120724
-0.124219
-0.12685
-0.127103
-0.125659
-0.122397
-0.118759
-0.11578
-0.114809
-0.115296
-0.117509
-0.120407
-0.122791
-0.124148
-0.123885
-0.121565
-0.117475
-0.112692
-0.107913
-0.1031
-0.100393
-0.09872
-0.098703
-0.098617
-0.099179
-0.099312
-0.098452
-0.09717
-0.09591
-0.09547
-0.096375
-0.099282
-0.104159
-0.109981
-0.11672
-0.122347
-0.127207
-0.129793
-0.130163
-0.128671
-0.126071
-0.122449
-0.119121
-0.116513
-0.115142
-0.114768
-0.11536
-0.115933
-0.116335
-0.116634
-0.115423
-0.114222
-0.112073
-0.110817
-0.109643
-0.109577
-0.110245
-0.111181
-0.111974
-0.112872
-0.113036
-0.112986
-0.11293
-0.113503
-0.114617
-0.11693
-0.120015
-0.124102
-0.127934
-0.13132
-0.132635
-0.131884
-0.128696
-0.123743
-0.117661
-0.111073
-0.105454
-0.102274
-0.101257
-0.102751
-0.105572
-0.110359
-0.114913
-0.119643
-0.123679
-0.126075
-0.127795
-0.128376
-0.12787
-0.127193
-0.126574
-0.125557
-0.125348
-0.124999
-0.124608
-0.123888
-0.12321
-0.121892
-0.120043
-0.117627
-0.115492
-0.113493
-0.110869
-0.108183
-0.104771
-0.101149
-0.097011
-0.09343
-0.090254
-0.088256
-0.088077
-0.089319
-0.091675
-0.094468
-0.097302
-0.098967
-0.100734
-0.100933
-0.100752
-0.100735
-0.101073
-0.102406
-0.105456
-0.10915
-0.113862
-0.118377
-0.121684
-0.123618
-0.123591
-0.121917
-0.11909
-0.115785
-0.113237
-0.111909
-0.111612
-0.112804
-0.115187
-0.117834
-0.120374
-0.122772
-0.124605
-0.125475
-0.126121
-0.125762
-0.126228
-0.126459
-0.127717
-0.128328
-0.128559
-0.12833
-0.127271
-0.125196
-0.122203
-0.119115
-0.115616
-0.113301
-0.111419
-0.110934
-0.111317
-0.111918
-0.112487
-0.112182
-0.110641
-0.107985
-0.104461
-0.101454
-0.099038
-0.098087
-0.09875
-0.101128
-0.104468
-0.108677
-0.112757
-0.115873
-0.11779
-0.118683
-0.118495
-0.117753
-0.116966
-0.116181
-0.116085
-0.116164
-0.116502
-0.116973
-0.117364
-0.118086
-0.118394
-0.119018
-0.119112
-0.119835
-0.120635
-0.121833
-0.122982
-0.124085
-0.124226
-0.123381
-0.120961
-0.117769
-0.11411
-0.109801
-0.106171
-0.103887
-0.103188
-0.104017
-0.106113
-0.109167
-0.111268
-0.113001
-0.113454
-0.112667
-0.110909
-0.108651
-0.106757
-0.105739
-0.106395
-0.10794
-0.110349
-0.113526
-0.116089
-0.117779
-0.11824
-0.117727
-0.116066
-0.114142
-0.112343
-0.111076
-0.110998
-0.111638
-0.114017
-0.115665
-0.118263
-0.119838
-0.121125
-0.12083
-0.119548
-0.117218
-0.115082
-0.113515
-0.112226
-0.111996
-0.112879
-0.114461
-0.116297
-0.118204
-0.119603
-0.120872
-0.121838
-0.122737
-0.123415
-0.123555
-0.12342
-0.122806
-0.121845
-0.12097
-0.119414
-0.117494
-0.115876
-0.11441
-0.112428
-0.110649
-0.109033
-0.107278
-0.105829
-0.103651
-0.101853
-0.10006
-0.09824
-0.096634
-0.095526
-0.094908
-0.094981
-0.096176
-0.097706
-0.099949
-0.101937
-0.103644
-0.105193
-0.106379
-0.107459
-0.109055
-0.110755
-0.113
-0.115994
-0.119257
-0.122364
-0.125395
-0.127851
-0.129517
-0.13024
-0.129778
-0.128999
-0.128057
-0.12701
-0.12686
-0.127047
-0.127346
-0.128121
-0.128707
-0.129474
-0.130147
-0.13119
-0.132172
-0.133654
-0.135271
-0.136465
-0.136937
-0.136273
-0.134149
-0.131217
-0.127183
-0.122384
-0.117384
-0.112817
-0.108962
-0.106316
-0.103987
-0.103533
-0.103146
-0.103599
-0.104537
-0.104668
-0.104933
-0.104014
-0.102775
-0.100501
-0.097743
-0.095131
-0.092847
-0.091933
-0.091793
-0.093015
-0.094925
-0.09756
-0.100301
-0.102768
-0.105137
-0.106331
-0.10807
-0.10866
-0.109942
-0.111882
-0.113891
-0.115857
-0.11744
-0.11909
-0.119564
-0.119074
-0.117947
-0.116645
-0.115095
-0.113857
-0.113144
-0.112663
-0.112834
-0.113038
-0.112604
-0.11156
-0.109366
-0.106363
-0.103319
-0.100496
-0.098697
-0.099287
-0.101824
-0.106494
-0.112212
-0.118091
-0.123883
-0.128123
-0.130467
-0.132035
-0.131918
-0.131657
-0.13074
-0.12976
-0.129583
-0.129692
-0.129952
-0.13066
-0.130964
-0.130382
-0.129204
-0.126673
-0.123751
-0.120262
-0.116652
-0.113423
-0.110981
-0.109649
-0.108583
-0.108396
-0.108189
-0.107375
-0.106255
-0.10474
-0.103068
-0.101258
-0.099935
-0.09896
-0.098815
-0.099232
-0.099402
-0.100502
-0.101528
-0.102342
-0.103582
-0.104665
-0.105589
-0.10647
-0.108078
-0.110069
-0.11216
-0.114975
-0.117117
-0.118812
-0.120074
-0.120338
-0.119294
-0.118242
-0.116737
-0.114875
-0.113933
-0.113862
-0.114286
-0.115074
-0.116331
-0.117476
-0.118244
-0.118882
-0.118943
-0.11821
-0.117466
-0.116555
-0.115692
-0.11486
-0.113742
-0.113213
-0.112646
-0.112541
-0.113267
-0.113912
-0.11477
-0.115867
-0.116064
-0.116455
-0.115648
-0.115181
-0.114153
-0.114096
-0.113962
-0.11436
-0.114731
-0.115977
-0.117255
-0.118541
-0.119305
-0.119157
-0.118861
-0.117127
-0.114981
-0.111851
-0.108825
-0.105846
-0.103849
-0.10315
-0.103914
-0.106098
-0.108753
-0.111437
-0.113515
-0.114477
-0.114077
-0.11242
-0.109929
-0.10729
-0.104889
-0.103669
-0.102738
-0.103111
-0.104217
-0.106021
-0.107661
-0.109532
-0.110574
-0.111626
-0.111451
-0.111164
-0.110222
-0.108843
-0.107265
-0.105571
-0.10362
-0.102709
-0.102162
-0.103005
-0.105083
-0.108037
-0.112262
-0.117313
-0.122437
-0.127355
-0.130817
-0.132884
-0.133023
-0.131712
-0.129082
-0.125648
-0.122109
-0.119055
-0.116599
-0.115383
-0.115515
-0.116623
-0.118823
-0.120095
-0.12145
-0.120958
-0.119466
-0.117385
-0.11483
-0.113001
-0.112395
-0.112579
-0.11392
-0.115949
-0.118581
-0.120552
-0.12201
-0.121573
-0.120978
-0.119695
-0.118142
-0.116761
-0.116462
-0.117581
-0.118809
-0.120843
-0.12251
-0.123716
-0.122792
-0.120986
-0.117773
-0.113349
-0.108824
-0.105559
-0.103185
-0.102478
-0.103703
-0.106648
-0.109463
-0.112954
-0.115125
-0.115919
-0.115591
-0.113784
-0.111234
-0.108698
-0.106694
-0.106088
-0.106603
-0.106926
-0.107637
-0.108163
-0.107612
-0.107365
-0.106507
-0.106131
-0.106725
-0.108437
-0.111799
-0.115833
-0.11986
-0.12401
-0.126868
-0.127568
-0.126467
-0.122894
-0.11864
-0.113637
-0.109315
-0.106859
-0.10667
-0.108148
-0.111151
-0.114877
-0.118591
-0.120783
-0.122118
-0.122441
-0.121645
-0.120702
-0.119198
-0.11805
-0.116864
-0.115436
-0.114018
-0.11193
-0.109464
-0.107113
-0.104347
-0.102946
-0.10195
-0.10271
-0.104218
-0.107079
-0.11023
-0.112401
-0.113957
-0.114462
-0.113957
-0.112673
-0.110771
-0.109763
-0.1089
-0.109217
-0.110317
-0.111676
-0.113303
-0.114619
-0.115108
-0.114966
-0.114069
-0.112773
-0.111443
-0.110264
-0.110066
-0.110076
-0.111005
-0.112322
-0.113453
-0.113171
-0.112441
-0.110962
-0.108428
-0.105624
-0.103705
-0.102838
-0.103541
-0.105792
-0.109532
-0.113111
-0.116058
-0.118268
-0.11868
-0.11751
-0.114469
-0.111215
-0.107748
-0.105046
-0.104127
-0.105378
-0.108133
-0.111987
-0.117059
-0.12222
-0.127306
-0.130936
-0.133766
-0.135656
-0.135834
-0.135309
-0.13387
-0.131435
-0.128066
-0.124444
-0.120078
-0.116344
-0.112782
-0.109744
-0.108313
-0.107627
-0.10786
-0.108534
-0.109481
-0.110397
-0.110865
-0.110537
-0.110683
-0.109384
-0.109053
-0.108667
-0.109216
-0.111267
-0.113698
-0.116643
-0.119364
-0.121511
-0.123197
-0.12349
-0.122877
-0.12151
-0.119211
-0.117351
-0.115153
-0.112963
-0.111241
-0.109185
-0.107036
-0.104424
-0.101197
-0.098035
-0.094679
-0.092747
-0.091763
-0.092539
-0.095558
-0.099338
-0.104273
-0.108421
-0.111539
-0.113015
-0.112591
-0.11094
-0.108537
-0.106969
-0.105402
-0.106061
-0.107743
-0.110627
-0.114142
-0.117152
-0.119292
-0.119966
-0.119052
-0.116809
-0.113746
-0.11107
-0.109963
-0.110154
-0.112203
-0.115899
-0.120184
-0.123921
-0.126468
-0.127298
-0.126623
-0.124463
-0.121079
-0.117433
-0.114578
-0.112741
-0.112586
-0.11378
-0.115333
-0.116724
-0.117405
-0.116587
-0.115108
-0.113298
-0.11129
-0.110958
-0.111064
-0.112485
-0.114592
-0.116922
-0.118241
-0.118742
-0.117355
-0.114874
-0.111408
-0.108052
-0.10531
-0.103829
-0.103447
-0.10501
-0.10669
-0.108641
-0.109742
-0.110016
-0.109126
-0.107126
-0.104902
-0.103141
-0.102258
-0.103508
-0.106473
-0.110393
-0.115284
-0.120271
-0.123623
-0.125552
-0.125696
-0.124624
-0.12254
-0.121114
-0.119872
-0.120059
-0.121562
-0.123173
-0.125277
-0.126925
-0.127598
-0.126349
-0.123803
-0.119499
-0.11484
-0.109475
-0.10477
-0.1008
-0.098231
-0.096685
-0.096092
-0.095554
-0.09601
-0.096461
-0.097202
-0.098956
-0.102399
-0.106613
-0.112193
-0.117622
-0.123121
-0.12704
-0.129313
-0.129304
-0.128058
-0.12595
-0.123752
-0.121868
-0.121893
-0.122901
-0.125304
-0.127886
-0.130537
-0.132909
-0.133808
-0.133459
-0.131053
-0.127003
-0.121919
-0.116176
-0.110363
-0.104883
-0.100936
-0.098224
-0.096425
-0.096274
-0.097325
-0.099672
-0.102528
-0.10617
-0.110088
-0.114153
-0.116985
-0.118662
-0.119179
-0.118372
-0.116489
-0.114594
-0.112856
-0.11183
-0.111367
-0.112039
-0.112638
-0.112677
-0.112685
-0.11118
-0.108808
-0.105459
-0.101745
-0.098517
-0.095503
-0.093735
-0.092906
-0.093975
-0.095585
-0.098056
-0.099992
-0.101536
-0.102002
-0.102651
-0.103111
-0.103827
-0.106262
-0.110066
-0.115411
-0.120719
-0.125718
-0.129523
-0.131589
-0.13115
-0.128543
-0.124564
-0.120442
-0.116665
-0.113757
-0.113296
-0.11457
-0.117548
-0.120798
-0.12443
-0.126405
-0.126919
-0.125209
-0.121976
-0.117972
-0.114136
-0.111433
-0.110796
-0.111902
-0.114228
-0.116359
-0.1182
-0.118743
-0.117285
-0.114576
-0.110743
-0.106661
-0.103401
-0.102139
-0.102262
-0.104598
-0.108324
-0.112791
-0.116639
-0.118671
-0.118692
-0.11635
-0.112513
-0.108096
-0.10407
-0.101335
-0.10067
-0.101433
-0.103948
-0.107366
-0.110938
-0.113957
-0.116697
-0.119286
-0.12102
-0.122202
-0.123469
-0.123984
-0.12496
-0.125578
-0.126321
-0.126267
-0.12621
-0.125055
-0.124147
-0.122296
-0.120255
-0.118649
-0.117124
-0.116015
-0.114406
-0.112784
-0.110056
-0.106921
-0.103127
-0.099877
-0.097554
-0.097024
-0.097994
-0.10072
-0.104868
-0.108636
-0.112058
-0.113893
-0.114063
-0.112717
-0.110576
-0.108018
-0.106423
-0.105957
-0.106916
-0.109932
-0.11365
-0.11811
-0.121554
-0.123727
-0.124236
-0.122524
-0.119661
-0.116017
-0.112321
-0.11093
-0.110539
-0.112203
-0.114862
-0.117793
-0.120719
-0.122459
-0.122011
-0.120013
-0.116026
-0.111528
-0.107278
-0.104549
-0.103348
-0.103887
-0.105736
-0.108234
-0.110748
-0.111809
-0.111734
-0.110182
-0.107936
-0.105937
-0.103837
-0.10358
-0.104225
-0.106286
-0.109702
-0.113522
-0.117486
-0.120854
-0.123323
-0.125066
-0.125551
-0.125137
-0.123971
-0.122597
-0.121181
-0.119646
-0.117781
-0.116197
-0.115051
-0.114191
-0.113774
-0.114435
-0.11525
-0.11737
-0.119819
-0.122308
-0.124165
-0.125159
-0.124506
-0.123344
-0.121639
-0.119621
-0.118451
-0.118144
-0.119295
-0.120325
-0.121941
-0.123181
-0.123323
-0.121905
-0.119896
-0.116251
-0.112733
-0.109155
-0.105866
-0.103426
-0.100835
-0.099351
-0.097707
-0.095416
-0.092907
-0.090706
-0.088333
-0.086843
-0.08705
-0.088757
-0.092527
-0.098476
-0.105637
-0.113821
-0.121291
-0.127499
-0.131357
-0.132489
-0.131076
-0.127647
-0.123042
-0.118018
-0.113656
-0.110737
-0.109294
-0.109099
-0.109777
-0.111187
-0.112094
-0.112191
-0.111711
-0.11044
-0.108814
-0.10729
-0.106267
-0.105873
-0.106771
-0.108124
-0.11093
-0.114146
-0.117197
-0.120603
-0.123211
-0.125401
-0.126687
-0.127654
-0.128142
-0.1282
-0.128228
-0.128024
-0.128041
-0.127276
-0.125839
-0.123507
-0.120522
-0.117106
-0.113969
-0.110323
-0.107406
-0.10444
-0.101685
-0.099289
-0.097758
-0.096865
-0.09687
-0.09745
-0.0993
-0.10103
-0.103118
-0.104434
-0.105633
-0.105894
-0.106084
-0.10615
-0.106592
-0.107396
-0.107824
-0.108681
-0.110089
-0.111191
-0.112701
-0.114002
-0.115537
-0.1175
-0.118124
-0.119064
-0.11889
-0.117914
-0.11594
-0.1139
-0.111575
-0.109346
-0.107522
-0.106162
-0.105348
-0.105238
-0.10625
-0.107684
-0.109954
-0.113265
-0.116562
-0.119754
-0.122102
-0.123298
-0.122781
-0.120843
-0.118126
-0.115294
-0.111905
-0.109376
-0.107407
-0.106763
-0.106843
-0.108149
-0.11011
-0.112392
-0.115419
-0.117996
-0.120004
-0.121656
-0.123019
-0.123294
-0.123132
-0.122628
-0.121715
-0.119642
-0.117401
-0.114717
-0.112215
-0.110518
-0.109548
-0.10992
-0.111115
-0.112786
-0.114326
-0.115718
-0.115459
-0.114101
-0.111504
-0.108209
-0.104811
-0.102882
-0.102003
-0.10302
-0.105275
-0.1089
-0.113229
-0.117103
-0.120301
-0.121786
-0.121967
-0.120026
-0.116279
-0.112025
-0.107997
-0.104587
-0.102274
-0.102069
-0.102762
-0.103852
-0.104676
-0.104898
-0.10415
-0.102666
-0.101905
-0.1019
-0.103737
-0.10707
-0.112253
-0.117333
-0.122932
-0.127316
-0.130536
-0.132177
-0.132817
-0.131685
-0.129726
-0.127754
-0.124766
-0.121837
-0.119203
-0.117295
-0.115335
-0.113513
-0.111528
-0.108948
-0.106414
-0.104143
-0.102294
-0.100779
-0.100751
-0.101311
-0.103217
-0.105886
-0.109147
-0.112267
-0.115946
-0.119696
-0.123506
-0.127059
-0.13015
-0.132666
-0.132887
-0.132767
-0.13094
-0.128458
-0.126009
-0.124067
-0.122863
-0.122117
-0.121933
-0.12113
-0.120359
-0.118479
-0.115479
-0.112021
-0.107852
-0.103697
-0.100299
-0.098702
-0.098586
-0.10056
-0.104314
-0.108438
-0.112525
-0.116141
-0.117713
-0.117128
-0.115386
-0.112665
-0.109978
-0.106969
-0.106029
-0.105607
-0.106257
-0.107414
-0.108253
-0.109333
-0.109439
-0.109292
-0.108494
-0.107672
-0.106349
-0.106195
-0.10634
-0.107847
-0.1104
-0.113165
-0.116152
-0.1185
-0.119794
-0.120124
-0.119305
-0.117305
-0.115238
-0.11285
-0.111164
-0.109989
-0.109478
-0.109838
-0.110616
-0.111999
-0.113606
-0.116063
-0.118057
-0.120455
-0.12216
-0.123104
-0.123066
-0.121638
-0.119837
-0.116716
-0.113392
-0.110888
-0.108778
-0.107919
-0.108184
-0.110076
-0.112399
-0.115047
-0.117105
-0.117755
-0.117033
-0.114285
-0.110421
-0.106158
-0.102668
-0.100328
-0.100031
-0.101941
-0.105204
-0.109694
-0.114271
-0.118419
-0.120689
-0.120789
-0.119027
-0.115686
-0.112366
-0.109338
-0.107933
-0.10822
-0.109821
-0.112098
-0.114131
-0.114899
-0.113003
-0.109107
-0.103477
-0.096668
-0.091224
-0.087912
-0.087873
-0.091191
-0.096967
-0.104792
-0.112279
-0.118623
-0.122747
-0.123923
-0.123387
-0.121022
-0.11897
-0.116995
-0.116738
-0.117243
-0.118807
-0.121624
-0.123761
-0.126216
-0.127592
-0.128071
-0.127628
-0.126173
-0.123847
-0.121732
-0.119202
-0.116787
-0.114161
-0.11211
-0.109995
-0.107665
-0.105957
-0.104559
-0.103547
-0.103617
-0.104334
-0.105975
-0.10818
-0.110379
-0.11251
-0.114647
-0.116217
-0.117444
-0.118118
-0.118814
-0.119267
-0.12009
-0.120594
-0.120612
-0.120832
-0.120454
-0.119479
-0.118108
-0.116943
-0.116588
-0.116917
-0.118275
-0.120119
-0.121991
-0.123058
-0.122658
-0.119779
-0.114387
-0.107467
-0.099633
-0.091932
-0.086126
-0.082242
-0.081942
-0.083971
-0.088748
-0.094247
-0.099514
-0.104207
-0.107251
-0.108239
-0.10769
-0.105683
-0.103906
-0.103372
-0.104122
-0.106646
-0.110875
-0.115354
-0.118992
-0.121796
-0.123321
-0.123095
-0.122387
-0.120857
-0.119018
-0.118124
-0.118024
-0.118412
-0.119234
-0.11995
-0.120365
-0.120144
-0.120037
-0.119498
-0.118866
-0.119171
-0.120593
-0.122272
-0.125076
-0.12764
-0.129912
-0.131125
-0.131025
-0.129261
-0.127238
-0.124176
-0.121679
-0.120296
-0.119825
-0.120436
-0.120808
-0.121002
-0.119906
-0.117597
-0.113855
-0.108868
-0.103625
-0.099262
-0.096317
-0.095186
-0.096228
-0.09904
-0.103192
-0.107367
-0.110316
-0.111557
-0.111049
-0.108622
-0.104873
-0.100757
-0.098407
-0.097893
-0.099162
-0.102812
-0.106622
-0.110384
-0.112753
-0.113964
-0.113537
-0.112741
-0.111043
-0.109941
-0.108975
-0.108154
-0.107295
-0.106172
-0.105024
-0.103914
-0.103493
-0.102994
-0.104112
-0.106088
-0.108987
-0.113157
-0.117345
-0.122013
-0.126443
-0.129451
-0.130994
-0.131393
-0.129918
-0.128694
-0.12767
-0.127645
-0.129184
-0.131715
-0.134416
-0.137211
-0.139265
-0.139257
-0.138443
-0.135741
-0.132055
-0.127417
-0.122348
-0.116939
-0.111839
-0.10761
-0.104404
-0.102376
-0.102548
-0.103982
-0.106201
-0.108673
-0.111039
-0.112803
-0.113091
-0.113208
-0.112272
-0.110971
-0.108672
-0.106548
-0.103823
-0.101688
-0.09994
-0.098241
-0.0983
-0.098899
-0.100317
-0.102415
-0.104732
-0.106511
-0.10867
-0.110435
-0.112334
-0.11432
-0.116454
-0.118348
-0.120047
-0.120386
-0.119442
-0.116669
-0.113115
-0.108523
-0.104585
-0.102117
-0.101734
-0.103682
-0.106594
-0.110262
-0.113084
-0.114078
-0.113288
-0.10978
-0.104748
-0.099555
-0.094952
-0.092415
-0.092147
-0.095021
-0.100317
-0.107059
-0.114853
-0.121256
-0.126538
-0.128862
-0.12896
-0.126892
-0.123696
-0.120094
-0.11739
-0.116124
-0.115939
-0.117171
-0.118383
-0.119517
-0.119462
-0.118485
-0.116695
-0.114333
-0.111837
-0.110407
-0.110347
-0.110772
-0.112928
-0.115028
-0.117201
-0.11999
-0.121751
-0.122628
-0.123455
-0.123185
-0.123372
-0.122703
-0.122446
-0.1216
-0.120819
-0.119613
-0.117481
-0.115179
-0.112274
-0.109123
-0.106502
-0.104107
-0.103044
-0.103079
-0.103281
-0.103674
-0.103766
-0.102818
-0.101563
-0.099963
-0.098341
-0.097889
-0.097943
-0.100724
-0.104089
-0.108927
-0.113644
-0.118369
-0.121362
-0.122545
-0.122027
-0.120019
-0.116828
-0.114731
-0.112838
-0.111961
-0.11265
-0.114014
-0.11469
-0.115025
-0.114706
-0.112738
-0.110866
-0.107771
-0.106093
-0.105274
-0.105794
-0.108264
-0.111519
-0.115243
-0.118543
-0.120893
-0.121934
-0.121455
-0.119814
-0.118043
-0.116024
-0.114985
-0.115395
-0.117633
-0.120342
-0.123046
-0.125378
-0.125968
-0.125311
-0.122421
-0.119425
-0.116698
-0.114334
-0.112818
-0.112592
-0.112246
-0.112019
-0.111585
-0.110454
-0.108785
-0.107566
-0.106622
-0.106895
-0.10787
-0.109631
-0.111729
-0.113895
-0.11573
-0.116742
-0.11708
-0.115607
-0.113778
-0.111055
-0.108476
-0.106498
-0.105605
-0.105139
-0.106094
-0.108252
-0.110726
-0.113102
-0.114192
-0.115545
-0.116397
-0.117188
-0.117764
-0.119536
-0.121095
-0.122663
-0.123376
-0.123507
-0.122753
-0.121721
-0.119505
-0.11721
-0.114554
-0.112555
-0.109892
-0.107828
-0.105876
-0.103828
-0.101788
-0.10025
-0.098772
-0.097493
-0.097774
-0.098661
-0.100116
-0.102956
-0.105827
-0.10912
-0.112104
-0.114577
-0.116364
-0.116856
-0.117054
-0.117397
-0.118645
-0.120601
-0.123693
-0.126666
-0.128995
-0.130199
-0.130097
-0.128534
-0.125504
-0.12254
-0.118984
-0.116227
-0.114093
-0.112681
-0.11229
-0.112763
-0.114172
-0.116716
-0.11914
-0.121932
-0.124468
-0.12668
-0.127928
-0.128466
-0.128672
-0.127899
-0.12672
-0.125176
-0.122275
-0.118394
-0.113013
-0.106733
-0.100213
-0.094326
-0.089936
-0.088086
-0.088612
-0.091483
-0.095646
-0.09958
-0.103011
-0.105394
-0.106463
-0.106449
-0.106581
-0.106724
-0.107307
-0.109322
-0.111353
-0.114134
-0.116576
-0.118526
-0.119257
-0.118922
-0.117406
-0.114884
-0.112496
-0.10961
-0.107832
-0.10732
-0.10731
-0.107052
-0.106948
-0.105794
-0.103181
-0.100618
-0.098322
-0.096913
-0.098038
-0.100991
-0.106476
-0.112552
-0.11973
-0.126154
-0.130184
-0.132499
-0.132449
-0.130659
-0.128528
-0.125823
-0.12404
-0.124137
-0.125028
-0.126412
-0.127913
-0.128991
-0.128194
-0.12661
-0.123505
-0.12044
-0.117423
-0.115787
-0.115535
-0.1163
-0.117801
-0.119382
-0.120297
-0.119853
-0.117481
-0.114507
-0.110362
-0.10625
-0.102669
-0.101089
-0.100604
-0.101541
-0.104117
-0.106684
-0.108977
-0.109507
-0.109811
-0.109143
-0.107729
-0.106549
-0.105334
-0.104696
-0.104444
-0.104499
-0.104391
-0.104417
-0.103929
-0.103931
-0.104195
-0.10533
-0.107299
-0.110472
-0.114448
-0.118843
-0.123011
-0.125989
-0.126636
-0.12498
-0.12132
-0.115765
-0.110277
-0.105203
-0.101401
-0.099953
-0.100881
-0.104346
-0.109633
-0.114885
-0.120556
-0.125404
-0.128784
-0.131008
-0.131765
-0.130764
-0.129244
-0.127357
-0.124811
-0.12181
-0.119112
-0.116004
-0.112615
-0.109443
-0.10643
-0.104341
-0.103169
-0.103237
-0.104787
-0.106829
-0.110374
-0.113938
-0.116925
-0.119103
-0.119601
-0.118323
-0.115064
-0.111779
-0.107534
-0.103618
-0.101731
-0.101254
-0.102567
-0.105739
-0.109471
-0.113581
-0.117214
-0.119367
-0.120175
-0.11902
-0.117001
-0.11448
-0.111875
-0.110101
-0.1091
-0.109006
-0.109836
-0.110584
-0.111546
-0.111985
-0.112271
-0.111423
-0.11112
-0.110704
-0.110706
-0.110817
-0.111638
-0.112591
-0.113445
-0.114805
-0.115562
-0.115358
-0.115703
-0.115737
-0.115644
-0.116628
-0.119057
-0.122256
-0.125733
-0.129032
-0.130807
-0.131312
-0.130649
-0.128163
-0.124869
-0.122172
-0.120065
-0.118651
-0.117793
-0.117775
-0.117975
-0.11836
-0.117525
-0.117657
-0.117058
-0.116095
-0.114915
-0.113524
-0.112759
-0.112117
-0.111999
-0.112327
-0.113157
-0.114108
-0.115844
-0.116618
-0.118155
-0.119352
-0.120673
-0.121286
-0.121285
-0.121006
-0.120157
-0.119058
-0.117739
-0.117188
-0.118055
-0.119732
-0.121783
-0.124771
-0.126229
-0.127638
-0.126862
-0.125099
-0.121662
-0.117845
-0.113244
-0.108362
-0.104281
-0.100852
-0.098908
-0.097879
-0.098149
-0.099684
-0.101421
-0.102875
-0.103188
-0.102598
-0.101514
-0.099836
-0.098211
-0.097875
-0.098686
-0.100833
-0.10342
-0.105981
-0.107992
-0.108772
-0.108191
-0.106495
-0.103995
-0.101601
-0.100713
-0.101191
-0.103626
-0.107032
-0.11129
-0.115401
-0.118052
-0.118716
-0.117412
-0.11449
-0.110724
-0.106886
-0.104035
-0.102898
-0.104619
-0.108394
-0.113984
-0.12096
-0.127586
-0.133365
-0.136874
-0.138149
-0.136911
-0.134014
-0.130274
-0.125656
-0.121855
-0.118681
-0.116291
-0.114463
-0.113556
-0.112629
-0.111309
-0.110297
-0.108496
-0.107452
-0.107294
-0.107203
-0.1083
-0.110237
-0.112397
-0.115214
-0.11749
-0.119676
-0.120998
-0.12211
-0.12282
-0.123628
-0.124317
-0.12486
-0.124941
-0.123835
-0.121637
-0.11869
-0.115112
-0.111734
-0.109104
-0.107225
-0.106669
-0.107299
-0.10889
-0.111368
-0.113372
-0.11477
-0.115567
-0.11579
-0.114309
-0.112735
-0.111087
-0.109883
-0.110537
-0.112465
-0.116605
-0.121146
-0.125951
-0.129633
-0.130852
-0.129777
-0.126425
-0.121272
-0.115642
-0.109884
-0.106164
-0.103437
-0.10204
-0.10161
-0.101323
-0.100537
-0.09948
-0.098336
-0.09725
-0.097084
-0.098
-0.100689
-0.10489
-0.109725
-0.11547
-0.120281
-0.124684
-0.126948
-0.126916
-0.125374
-0.121737
-0.117206
-0.112121
-0.107602
-0.10498
-0.104334
-0.105897
-0.108778
-0.112046
-0.115886
-0.11805
-0.119129
-0.118149
-0.117119
-0.114771
-0.113002
-0.111732
-0.111564
-0.112698
-0.114367
-0.117599
-0.120778
-0.123854
-0.126294
-0.127271
-0.126676
-0.124338
-0.120398
-0.115682
-0.110978
-0.105908
-0.101516
-0.099036
-0.09723
-0.097072
-0.098002
-0.10067
-0.104226
-0.108652
-0.1131
-0.117463
-0.120177
-0.121062
-0.12066
-0.11845
-0.116093
-0.113999
-0.113267
-0.113304
-0.114138
-0.115189
-0.116796
-0.117427
-0.11764
-0.11679
-0.1157
-0.11404
-0.112526
-0.11151
-0.111138
-0.112002
-0.11355
-0.116363
-0.119301
-0.121154
-0.122079
-0.121517
-0.119702
-0.116759
-0.113955
-0.112329
-0.112478
-0.114433
-0.118547
-0.123638
-0.128522
-0.132341
-0.133927
-0.133003
-0.12985
-0.124778
-0.119006
-0.113731
-0.109813
-0.107691
-0.107887
-0.109833
-0.112463
-0.114907
-0.11699
-0.117879
-0.11781
-0.116814
-0.115905
-0.114742
-0.114401
-0.115124
-0.116389
-0.11837
-0.12053
-0.123071
-0.124388
-0.124465
-0.123907
-0.122015
-0.119515
-0.116994
-0.114073
-0.112111
-0.110946
-0.110649
-0.111338
-0.112816
-0.114298
-0.11624
-0.117225
-0.118706
-0.119061
-0.119082
-0.118725
-0.117728
-0.116031
-0.114194
-0.11151
-0.109282
-0.106757
-0.105023
-0.103669
-0.103129
-0.103367
-0.104231
-0.105673
-0.10632
-0.106954
-0.107087
-0.105469
-0.10368
-0.101411
-0.099337
-0.098559
-0.099003
-0.100666
-0.103854
-0.10748
-0.11147
-0.114807
-0.116707
-0.117553
-0.117141
-0.115514
-0.113333
-0.111763
-0.110606
-0.109751
-0.110366
-0.111797
-0.113226
-0.114871
-0.115703
-0.11573
-0.114253
-0.112486
-0.110213
-0.108809
-0.108266
-0.108353
-0.109497
-0.111534
-0.11378
-0.115874
-0.116864
-0.117694
-0.117317
-0.117008
-0.117429
-0.118033
-0.119771
-0.123015
-0.127279
-0.131638
-0.135335
-0.137863
-0.137669
-0.13501
-0.130027
-0.123234
-0.11575
-0.108551
-0.102357
-0.098622
-0.097202
-0.097107
-0.099082
-0.102039
-0.104989
-0.10722
-0.108687
-0.108952
-0.108854
-0.107423
-0.106888
-0.107501
-0.108678
-0.110814
-0.113858
-0.117202
-0.120045
-0.121064
-0.121089
-0.118856
-0.116341
-0.112847
-0.109685
-0.107017
-0.105443
-0.104207
-0.103727
-0.104746
-0.105774
-0.107615
-0.109427
-0.111541
-0.114106
-0.117089
-0.119638
-0.123086
-0.12585
-0.128552
-0.129766
-0.130125
-0.129537
-0.127733
-0.125336
-0.122865
-0.120376
-0.118557
-0.117025
-0.115636
-0.114358
-0.11289
-0.11167
-0.109854
-0.107555
-0.105461
-0.103005
-0.101521
-0.100516
-0.101287
-0.10257
-0.10592
-0.108866
-0.111049
-0.113481
-0.114514
-0.114172
-0.113579
-0.113571
-0.114048
-0.115919
-0.11869
-0.12191
-0.124725
-0.126026
-0.125905
-0.123912
-0.120515
-0.117052
-0.113543
-0.111152
-0.11047
-0.111715
-0.114163
-0.118105
-0.122283
-0.125763
-0.127192
-0.126867
-0.124083
-0.11878
-0.112613
-0.106854
-0.102717
-0.101361
-0.103413
-0.107835
-0.113606
-0.118909
-0.123352
-0.125633
-0.125614
-0.123442
-0.120475
-0.117357
-0.114409
-0.113348
-0.112974
-0.113717
-0.114887
-0.116184
-0.116584
-0.1157
-0.114005
-0.111065
-0.107712
-0.104471
-0.101549
-0.099908
-0.099189
-0.099991
-0.100131
-0.100611
-0.100442
-0.100608
-0.101088
-0.102303
-0.104524
-0.108732
-0.113123
-0.117571
-0.121684
-0.124882
-0.126506
-0.126401
-0.125373
-0.12364
-0.121096
-0.118491
-0.117259
-0.116187
-0.116165
-0.11648
-0.11731
-0.118159
-0.119149
-0.119787
-0.120196
-0.120108
-0.119665
-0.119898
-0.120567
-0.12145
-0.123335
-0.125403
-0.127533
-0.128394
-0.12748
-0.125154
-0.120776
-0.115227
-0.110277
-0.105487
-0.102434
-0.100993
-0.101194
-0.101875
-0.102537
-0.103029
-0.10254
-0.101835
-0.100325
-0.099509
-0.099283
-0.100526
-0.10279
-0.105497
-0.108965
-0.111611
-0.113277
-0.113366
-0.111387
-0.108258
-0.103286
-0.098717
-0.095187
-0.093801
-0.09497
-0.098844
-0.104076
-0.11022
-0.116386
-0.121211
-0.123924
-0.125014
-0.124468
-0.123091
-0.121727
-0.120993
-0.121058
-0.122411
-0.125228
-0.128225
-0.130923
-0.132724
-0.1334
-0.132703
-0.130685
-0.12755
-0.123695
-0.119871
-0.116418
-0.113386
-0.111036
-0.108866
-0.10662
-0.105016
-0.103459
-0.101516
-0.100158
-0.099674
-0.100305
-0.101903
-0.104726
-0.107309
-0.109585
-0.11127
-0.111995
-0.112286
-0.111853
-0.111214
-0.110725
-0.109515
-0.108265
-0.107433
-0.106106
-0.105407
-0.104545
-0.104152
-0.104506
-0.105475
-0.107033
-0.10928
-0.111951
-0.114566
-0.117308
-0.11966
-0.121013
-0.121476
-0.120677
-0.119402
-0.117261
-0.115758
-0.114136
-0.114087
-0.114642
-0.116859
-0.119402
-0.121614
-0.124041
-0.125108
-0.125525
-0.125142
-0.123789
-0.122251
-0.120954
-0.120036
-0.119544
-0.12013
-0.121062
-0.121895
-0.122936
-0.123496
-0.123332
-0.1233
-0.123022
-0.122807
-0.12291
-0.122509
-0.122006
-0.120325
-0.117856
-0.11432
-0.109969
-0.10529
-0.101503
-0.099204
-0.09908
-0.101141
-0.104689
-0.109321
-0.114338
-0.117962
-0.120353
-0.120658
-0.119757
-0.118172
-0.115606
-0.113587
-0.112418
-0.112292
-0.112871
-0.113791
-0.114363
-0.114115
-0.11289
-0.110721
-0.108146
-0.105388
-0.103547
-0.102677
-0.104051
-0.106704
-0.110526
-0.114798
-0.118317
-0.120931
-0.12146
-0.120563
-0.118769
-0.11663
-0.114111
-0.112362
-0.111887
-0.111971
-0.112434
-0.11354
-0.113547
-0.113432
-0.112825
-0.11216
-0.111468
-0.110891
-0.111254
-0.112585
-0.113418
-0.115343
-0.116372
-0.118067
-0.119492
-0.120303
-0.121083
-0.122038
-0.123224
-0.124793
-0.12681
-0.12932
-0.13143
-0.133028
-0.133943
-0.133279
-0.131462
-0.128468
-0.125002
-0.121111
-0.117359
-0.115641
-0.113883
-0.114129
-0.114933
-0.116167
-0.117115
-0.118027
-0.118645
-0.118317
-0.117737
-0.116813
-0.115854
-0.115328
-0.115278
-0.115599
-0.115359
-0.114603
-0.112626
-0.109469
-0.105151
-0.100777
-0.097001
-0.094664
-0.094485
-0.095606
-0.098751
-0.102171
-0.105871
-0.108348
-0.109193
-0.108101
-0.104935
-0.101016
-0.097269
-0.094103
-0.093427
-0.094746
-0.09897
-0.104352
-0.110769
-0.11693
-0.121673
-0.124648
-0.125436
-0.123599
-0.120675
-0.116833
-0.113384
-0.110481
-0.10907
-0.108928
-0.109768
-0.111369
-0.113867
-0.115774
-0.117961
-0.120322
-0.121826
-0.123317
-0.124389
-0.124976
-0.124522
-0.123671
-0.122369
-0.120653
-0.118716
-0.116457
-0.114677
-0.113217
-0.112711
-0.11205
-0.112296
-0.112565
-0.11276
-0.112867
-0.11234
-0.111306
-0.109869
-0.108384
-0.107093
-0.106323
-0.105895
-0.106733
-0.107371
-0.108817
-0.109551
-0.109845
-0.110115
-0.110283
-0.110982
-0.112682
-0.115469
-0.11903
-0.12321
-0.126559
-0.129287
-0.130329
-0.130671
-0.129665
-0.127636
-0.125457
-0.123736
-0.121593
-0.120436
-0.119588
-0.119078
-0.118753
-0.117919
-0.11706
-0.115704
-0.113724
-0.112239
-0.111487
-0.111067
-0.112147
-0.113709
-0.11639
-0.118098
-0.119849
-0.120454
-0.120253
-0.119687
-0.118665
-0.117103
-0.115874
-0.114581
-0.114176
-0.114235
-0.114838
-0.115315
-0.115323
-0.115131
-0.113767
-0.111477
-0.108866
-0.106061
-0.103879
-0.103201
-0.103092
-0.104929
-0.107905
-0.111532
-0.115862
-0.120471
-0.12426
-0.127518
-0.129519
-0.130975
-0.1318
-0.132024
-0.131536
-0.130996
-0.130256
-0.128687
-0.126763
-0.124182
-0.1225
-0.120942
-0.120192
-0.120581
-0.121189
-0.122234
-0.122683
-0.121904
-0.120676
-0.118193
-0.115083
-0.111269
-0.10832
-0.105615
-0.103572
-0.102713
-0.103074
-0.103474
-0.104947
-0.106705
-0.107608
-0.107704
-0.106754
-0.104326
-0.101475
-0.098286
-0.095605
-0.092838
-0.092134
-0.0922
-0.093023
-0.094465
-0.096272
-0.098394
-0.100426
-0.102648
-0.1047
-0.106796
-0.108377
-0.109666
-0.110216
-0.110791
-0.111649
-0.112768
-0.114374
-0.116359
-0.118476
-0.120256
-0.122105
-0.123269
-0.124235
-0.124594
-0.124511
-0.124059
-0.123515
-0.122577
-0.12143
-0.120987
-0.12128
-0.121588
-0.12249
-0.12394
-0.12521
-0.125911
-0.126209
-0.126059
-0.125162
-0.123928
-0.12295
-0.121604
-0.120588
-0.119784
-0.118071
-0.117096
-0.115699
-0.114411
-0.1138
-0.113614
-0.114038
-0.114998
-0.117249
-0.119051
-0.120949
-0.12258
-0.123109
-0.123127
-0.122631
-0.121872
-0.119678
-0.117544
-0.114803
-0.112466
-0.109758
-0.107758
-0.105829
-0.104419
-0.103241
-0.101966
-0.101655
-0.101669
-0.101543
-0.102334
-0.104149
-0.105647
-0.107853
-0.109334
-0.110813
-0.111706
-0.112315
-0.113405
-0.11418
-0.115975
-0.117057
-0.117921
-0.118292
-0.116972
-0.115528
-0.114079
-0.112226
-0.110551
-0.109544
-0.109626
-0.1101
-0.110914
-0.111902
-0.112553
-0.112908
-0.112216
-0.111009
-0.109051
-0.106331
-0.104183
-0.103384
-0.103944
-0.106545
-0.109612
-0.113175
-0.11584
-0.116815
-0.116026
-0.113803
-0.110071
-0.106446
-0.103594
-0.101245
-0.101182
-0.102385
-0.106004
-0.110538
-0.116375
-0.120705
-0.124617
-0.12639
-0.126133
-0.124851
-0.122313
-0.120461
-0.119402
-0.119757
-0.122278
-0.125031
-0.127781
-0.129425
-0.129904
-0.127681
-0.124159
-0.1194
-0.114338
-0.109536
-0.106028
-0.104129
-0.103914
-0.105141
-0.106788
-0.108777
-0.110397
-0.111661
-0.111994
-0.111784
-0.111194
-0.11063
-0.110901
-0.111148
-0.112174
-0.113
-0.113666
-0.113883
-0.113411
-0.112338
-0.11162
-0.1101
-0.10893
-0.108755
-0.10867
-0.10925
-0.109846
-0.110425
-0.111064
-0.111245
-0.111825
-0.113006
-0.114455
-0.116616
-0.119385
-0.122219
-0.124831
-0.126437
-0.127236
-0.126592
-0.125252
-0.123241
-0.120797
-0.118658
-0.117595
-0.117504
-0.117993
-0.120056
-0.122783
-0.125242
-0.12756
-0.12869
-0.129523
-0.129932
-0.130165
-0.13099
-0.132385
-0.133321
-0.133715
-0.132903
-0.130335
-0.125839
-0.120469
-0.113874
-0.107573
-0.101338
-0.096162
-0.093352
-0.092539
-0.093877
-0.096277
-0.099799
-0.104244
-0.107209
-0.108929
-0.108551
-0.106059
-0.10221
-0.09752
-0.092722
-0.090121
-0.088944
-0.0907
-0.094351
-0.099407
-0.105063
-0.110433
-0.115102
-0.118488
-0.120131
-0.120624
-0.120073
-0.118727
-0.116645
-0.114336
-0.113058
-0.112052
-0.112747
-0.11484
-0.117895
-0.121509
-0.125169
-0.127846
-0.128958
-0.128905
-0.127681
-0.12518
-0.122921
-0.120846
-0.11943
-0.119171
-0.119348
-0.12074
-0.122313
-0.123003
-0.1233
-0.122943
-0.12119
-0.118574
-0.115988
-0.113265
-0.112281
-0.112134
-0.113299
-0.115615
-0.118445
-0.120913
-0.122753
-0.122243
-0.12065
-0.116439
-0.110933
-0.105295
-0.099783
-0.095901
-0.094272
-0.094575
-0.096665
-0.099937
-0.103595
-0.105983
-0.10727
-0.107286
-0.106106
-0.105209
-0.104472
-0.104493
-0.105616
-0.107687
-0.109853
-0.112539
-0.114157
-0.115231
-0.115145
-0.114754
-0.114093
-0.113436
-0.113421
-0.114465
-0.115952
-0.117088
-0.118196
-0.118185
-0.116725
-0.113853
-0.110531
-0.10716
-0.104182
-0.102088
-0.100941
-0.100799
-0.101227
-0.10214
-0.103247
-0.104367
-0.105461
-0.106174
-0.10661
-0.106471
-0.106644
-0.106016
-0.105375
-0.104074
-0.102507
-0.101174
-0.099887
-0.099143
-0.099571
-0.101122
-0.104387
-0.108933
-0.115089
-0.122058
-0.129114
-0.134581
-0.138684
-0.139293
-0.137082
-0.13271
-0.125903
-0.120552
-0.116196
-0.115147
-0.116702
-0.12
-0.12519
-0.129921
-0.132925
-0.133235
-0.131313
-0.12682
-0.121436
-0.115794
-0.11172
-0.109055
-0.108696
-0.110037
-0.113766
-0.118011
-0.121946
-0.125149
-0.12635
-0.125899
-0.123753
-0.119682
-0.116137
-0.112321
-0.110239
-0.109244
-0.109745
-0.110885
-0.111648
-0.111255
-0.109479
-0.105673
-0.101406
-0.096441
-0.092094
-0.089813
-0.088956
-0.089844
-0.09222
-0.094639
-0.097118
-0.098708
-0.099379
-0.099315
-0.098965
-0.099026
-0.099875
-0.101594
-0.104424
-0.108159
-0.11192
-0.115194
-0.11832
-0.119966
-0.120611
-0.120525
-0.120174
-0.119359
-0.118993
-0.119297
-0.119716
-0.121952
-0.1241
-0.126342
-0.127793
-0.129392
-0.130478
-0.131078
-0.13146
-0.131688
-0.131996
-0.131382
-0.130107
-0.127694
-0.124152
-0.119625
-0.114918
-0.110569
-0.106801
-0.104456
-0.103731
-0.103913
-0.104962
-0.107189
-0.109073
-0.109969
-0.11032
-0.109147
-0.106905
-0.104779
-0.102777
-0.102383
-0.102902
-0.104311
-0.106378
-0.108591
-0.110528
-0.110981
-0.109997
-0.108239
-0.105492
-0.102412
-0.099722
-0.097921
-0.096991
-0.098756
-0.101052
-0.104856
-0.10904
-0.112615
-0.115269
-0.115833
-0.115321
-0.112578
-0.110194
-0.108611
-0.10839
-0.109511
-0.113395
-0.117699
-0.122587
-0.126422
-0.128361
-0.127798
-0.12566
-0.122606
-0.118556
-0.115243
-0.114241
-0.114036
-0.114566
-0.116043
-0.11733
-0.118718
-0.119504
-0.119415
-0.118686
-0.117914
-0.117115
-0.115942
-0.114679
-0.114366
-0.11481
-0.115169
-0.11676
-0.118319
-0.120278
-0.121649
-0.122333
-0.121301
-0.120136
-0.11789
-0.115369
-0.112977
-0.11164
-0.111143
-0.111605
-0.113052
-0.114871
-0.116842
-0.118144
-0.119022
-0.118795
-0.118026
-0.116547
-0.115582
-0.11454
-0.113807
-0.113984
-0.114329
-0.115111
-0.116175
-0.116734
-0.116969
-0.11637
-0.115151
-0.113796
-0.111382
-0.108887
-0.105805
-0.102726
-0.100626
-0.099514
-0.099971
-0.102168
-0.105432
-0.108946
-0.111665
-0.113601
-0.113112
-0.111466
-0.108435
-0.104674
-0.100675
-0.096986
-0.093988
-0.092114
-0.090859
-0.091194
-0.092496
-0.094437
-0.097206
-0.100273
-0.102484
-0.104359
-0.105916
-0.106588
-0.107707
-0.108923
-0.110731
-0.112592
-0.114716
-0.1158
-0.116376
-0.115248
-0.113829
-0.11147
-0.109961
-0.10888
-0.109364
-0.111037
-0.113525
-0.116216
-0.119047
-0.121609
-0.123414
-0.124376
-0.124455
-0.123239
-0.120876
-0.117646
-0.114684
-0.112651
-0.112153
-0.113823
-0.117626
-0.122175
-0.126052
-0.128629
-0.128635
-0.125913
-0.120731
-0.114501
-0.1084
-0.103341
-0.10026
-0.098675
-0.09845
-0.099887
-0.102079
-0.104735
-0.107674
-0.110563
-0.112625
-0.113998
-0.114272
-0.113315
-0.111624
-0.108996
-0.106828
-0.104534
-0.103153
-0.10158
-0.101511
-0.101453
-0.10209
-0.103883
-0.10659
-0.109725
-0.113378
-0.116453
-0.119017
-0.12079
-0.12186
-0.1218
-0.121612
-0.121148
-0.120471
-0.120053
-0.119599
-0.119403
-0.118957
-0.11853
-0.118463
-0.117798
-0.117549
-0.116899
-0.115716
-0.114194
-0.112489
-0.11096
-0.109797
-0.109845
-0.110463
-0.111147
-0.112444
-0.113316
-0.113724
-0.113127
-0.112861
-0.11212
-0.112037
-0.112402
-0.113114
-0.113914
-0.114652
-0.115035
-0.115134
-0.114809
-0.114285
-0.113602
-0.113174
-0.112567
-0.112753
-0.112989
-0.113627
-0.114667
-0.115504
-0.116315
-0.116779
-0.117072
-0.117758
-0.118621
-0.119784
-0.121318
-0.122431
-0.123389
-0.123545
-0.123094
-0.12166
-0.119347
-0.116076
-0.112864
-0.109488
-0.106695
-0.103849
-0.102234
-0.10185
-0.102628
-0.104295
-0.105701
-0.107126
-0.108181
-0.107727
-0.107851
-0.107278
-0.106758
-0.106945
-0.107177
-0.107544
-0.107276
-0.10671
-0.105013
-0.102763
-0.100624
-0.098769
-0.098319
-0.099671
-0.102336
-0.106027
