-0.001476
-0.005846
-0.01314
-0.022222
-0.032306
-0.042726
-0.052684
-0.061758
-0.069678
-0.076624
-0.082292
-0.087402
-0.092055
-0.096754
-0.10073
-0.104609
-0.10765
-0.109849
-0.111187
-0.111476
-0.111173
-0.110326
-0.109124
-0.10787
-0.106333
-0.104836
-0.103288
-0.101266
-0.099358
-0.097008
-0.09413
-0.090674
-0.087088
-0.083254
-0.079293
-0.075318
-0.071884
-0.069071
-0.066769
-0.064986
-0.063705
-0.062996
-0.062771
-0.063042
-0.063734
-0.065236
-0.067337
-0.070132
-0.073111
-0.076538
-0.079956
-0.083039
-0.085363
-0.08721
-0.088463
-0.088726
-0.08841
-0.087992
-0.087156
-0.086183
-0.085144
-0.084583
-0.083834
-0.083643
-0.08345
-0.083204
-0.08285
-0.082751
-0.082169
-0.081638
-0.080619
-0.079351
-0.077881
-0.07641
-0.074871
-0.073158
-0.071992
-0.070947
-0.070492
-0.070377
-0.070961
-0.07154
-0.071948
-0.073116
-0.073699
-0.074378
-0.074847
-0.075587
-0.075889
-0.076467
-0.076518
-0.076516
-0.076406
-0.07617
-0.075854
-0.07551
-0.0751
-0.074703
-0.074356
-0.074104
-0.073951
-0.073874
-0.074072
-0.073833
-0.07419
-0.074358
-0.074961
-0.075684
-0.076323
-0.076957
-0.077652
-0.078475
-0.079252
-0.079943
-0.080805
-0.081507
-0.082234
-0.082544
-0.082824
-0.082754
-0.082635
-0.08233
-0.081781
-0.08138
-0.080898
-0.080396
-0.079623
-0.07866
-0.077567
-0.07579
-0.074317
-0.072311
-0.070459
-0.068939
-0.067781
-0.066767
-0.066509
-0.066326
-0.06665
-0.067329
-0.06873
-0.070045
-0.071865
-0.073903
-0.076253
-0.07838
-0.080748
-0.082567
-0.084618
-0.086287
-0.08775
-0.089194
-0.090436
-0.09157
-0.092531
-0.09353
-0.094268
-0.095069
-0.095419
-0.095948
-0.096472
-0.096707
-0.097049
-0.097397
-0.097657
-0.09769
-0.097325
-0.09634
-0.094813
-0.092181
-0.089332
-0.085694
-0.081698
-0.077491
-0.07385
-0.070051
-0.066764
-0.064276
-0.062001
-0.060241
-0.058812
-0.057676
-0.057033
-0.056717
-0.056182
-0.056259
-0.056633
-0.057249
-0.058229
-0.05922
-0.060464
-0.061707
-0.0628
-0.063909
-0.064857
-0.065605
-0.066149
-0.066936
-0.067769
-0.069064
-0.070527
-0.072407
-0.074732
-0.077571
-0.080085
-0.083291
-0.086399
-0.089072
-0.091748
-0.09412
-0.096006
-0.097197
-0.097759
-0.097956
-0.097322
-0.096587
-0.095301
-0.093751
-0.092319
-0.09087
-0.089492
-0.088393
-0.087207
-0.086219
-0.08557
-0.085103
-0.084328
-0.083569
-0.082726
-0.081499
-0.080566
-0.07894
-0.077064
-0.075164
-0.072205
-0.069437
-0.066047
-0.063026
-0.059946
-0.057105
-0.054965
-0.053278
-0.052944
-0.052754
-0.053405
-0.054884
-0.056722
-0.058889
-0.061292
-0.063984
-0.066335
-0.069116
-0.071734
-0.074652
-0.077497
-0.08023
-0.08292
-0.085353
-0.087363
-0.088768
-0.089903
-0.090473
-0.091138
-0.091461
-0.091715
-0.091674
-0.091902
-0.091844
-0.091603
-0.090821
-0.08979
-0.088075
-0.085921
-0.083907
-0.081346
-0.078977
-0.076762
-0.074649
-0.073062
-0.071747
-0.070731
-0.070043
-0.07002
-0.070011
-0.070619
-0.071445
-0.072499
-0.073884
-0.075608
-0.077149
-0.079266
-0.080939
-0.08246
-0.083916
-0.085199
-0.086259
-0.087053
-0.088076
-0.089139
-0.089653
-0.090486
-0.091198
-0.091562
-0.092221
-0.092196
-0.092095
-0.091426
-0.090538
-0.089367
-0.087793
-0.085969
-0.083785
-0.081302
-0.078725
-0.075733
-0.072822
-0.070022
-0.067399
-0.065349
-0.063564
-0.062648
-0.061929
-0.062093
-0.062736
-0.063798
-0.06481
-0.065959
-0.067013
-0.067874
-0.068643
-0.068978
-0.069354
-0.069862
-0.070225
-0.071245
-0.072558
-0.074133
-0.076204
-0.078246
-0.08065
-0.083025
-0.085314
-0.087315
-0.088711
-0.090198
-0.091157
-0.092084
-0.09262
-0.092655
-0.092416
-0.091961
-0.091267
-0.090004
-0.088632
-0.087043
-0.085061
-0.082859
-0.081018
-0.079026
-0.077494
-0.076028
-0.075155
-0.074586
-0.074086
-0.073703
-0.073651
-0.073567
-0.073279
-0.073077
-0.072657
-0.072231
-0.071328
-0.069861
-0.068109
-0.066222
-0.063785
-0.061657
-0.059722
-0.058408
-0.057633
-0.057945
-0.059604
-0.061958
-0.065342
-0.069266
-0.073224
-0.077325
-0.081022
-0.084146
-0.086572
-0.088207
-0.089317
-0.090154
-0.090788
-0.09113
-0.091504
-0.091426
-0.091427
-0.091378
-0.090899
-0.090776
-0.090696
-0.090776
-0.091097
-0.091637
-0.092467
-0.093242
-0.09416
-0.094288
-0.094332
-0.093475
-0.092097
-0.090323
-0.087905
-0.084945
-0.082046
-0.078848
-0.075591
-0.072822
-0.070028
-0.067802
-0.065511
-0.063508
-0.062221
-0.060946
-0.060364
-0.0599
-0.059947
-0.06029
-0.060938
-0.062018
-0.063245
-0.064453
-0.065966
-0.066931
-0.068195
-0.068785
-0.069675
-0.070221
-0.070198
-0.070014
-0.070027
-0.069771
-0.069803
-0.070301
-0.071187
-0.072218
-0.073963
-0.075674
-0.077588
-0.079132
-0.080639
-0.081549
-0.081997
-0.081985
-0.081624
-0.081134
-0.080274
-0.079881
-0.080025
-0.080161
-0.081057
-0.081852
-0.082569
-0.083334
-0.083722
-0.083442
-0.082937
-0.08198
-0.081135
-0.080366
-0.079579
-0.079499
-0.079623
-0.080278
-0.081321
-0.082483
-0.083489
-0.084169
-0.084573
-0.084551
-0.083937
-0.082732
-0.081431
-0.079746
-0.078243
-0.076464
-0.075203
-0.074182
-0.073689
-0.073365
-0.073529
-0.074065
-0.074722
-0.075307
-0.076073
-0.076551
-0.077029
-0.077292
-0.077256
-0.077194
-0.07687
-0.076677
-0.076304
-0.076133
-0.075897
-0.075385
-0.074833
-0.074118
-0.072903
-0.071729
-0.070584
-0.069829
-0.069017
-0.068574
-0.068497
-0.06911
-0.069866
-0.071128
-0.072179
-0.0736
-0.074814
-0.075822
-0.076523
-0.077224
-0.078028
-0.078573
-0.079661
-0.080583
-0.081668
-0.083295
-0.084652
-0.086327
-0.087848
-0.088973
-0.090037
-0.090684
-0.090943
-0.091166
-0.091028
-0.091173
-0.091482
-0.091965
-0.092676
-0.093454
-0.094071
-0.094279
-0.094203
-0.093106
-0.091308
-0.088839
-0.085382
-0.081872
-0.078155
-0.075046
-0.072027
-0.069971
-0.068349
-0.067357
-0.066961
-0.066847
-0.067017
-0.067037
-0.06704
-0.066995
-0.066944
-0.066943
-0.067207
-0.067839
-0.068797
-0.070116
-0.0717
-0.07347
-0.074958
-0.076061
-0.076734
-0.076667
-0.076327
-0.075541
-0.074825
-0.074429
-0.074404
-0.075203
-0.076921
-0.078869
-0.081322
-0.08394
-0.086867
-0.089313
-0.091032
-0.092128
-0.092276
-0.091421
-0.08991
-0.08775
-0.085038
-0.082207
-0.079531
-0.076639
-0.074918
-0.073187
-0.07209
-0.071171
-0.070697
-0.071009
-0.070939
-0.071299
-0.072025
-0.072704
-0.073755
-0.074867
-0.075701
-0.076705
-0.077094
-0.07709
-0.076812
-0.075754
-0.074449
-0.072861
-0.071102
-0.069297
-0.067758
-0.066147
-0.065283
-0.064472
-0.06465
-0.065106
-0.065906
-0.067258
-0.069219
-0.071311
-0.073598
-0.075421
-0.077336
-0.078926
-0.080096
-0.081046
-0.08141
-0.081666
-0.081885
-0.082053
-0.082539
-0.083335
-0.084392
-0.085832
-0.087752
-0.089917
-0.091612
-0.093602
-0.095147
-0.096061
-0.096801
-0.097025
-0.096659
-0.09636
-0.095601
-0.094634
-0.093321
-0.091676
-0.09004
-0.087751
-0.085224
-0.082536
-0.079746
-0.077088
-0.075002
-0.073131
-0.071941
-0.07165
-0.071457
-0.07203
-0.072673
-0.073655
-0.074465
-0.074547
-0.074471
-0.07386
-0.073204
-0.072298
-0.07123
-0.070043
-0.069688
-0.069391
-0.069241
-0.069781
-0.070365
-0.070753
-0.071473
-0.07143
-0.071007
-0.070038
-0.068808
-0.067218
-0.065458
-0.063863
-0.062795
-0.062125
-0.061866
-0.062157
-0.062841
-0.063649
-0.064265
-0.064654
-0.065041
-0.065039
-0.064902
-0.064713
-0.064827
-0.065238
-0.066676
-0.068113
-0.070415
-0.073191
-0.075926
-0.078726
-0.081478
-0.08358
-0.08552
-0.086603
-0.087826
-0.08881
-0.089782
-0.090839
-0.092259
-0.094019
-0.095352
-0.096542
-0.097387
-0.09757
-0.097373
-0.096388
-0.094913
-0.092788
-0.090366
-0.088231
-0.085652
-0.083114
-0.081273
-0.079538
-0.078169
-0.076957
-0.07604
-0.075174
-0.074599
-0.074045
-0.073728
-0.073798
-0.074031
-0.074546
-0.075038
-0.075985
-0.07686
-0.077774
-0.07857
-0.079256
-0.079908
-0.080471
-0.081236
-0.081818
-0.082274
-0.08263
-0.082888
-0.082925
-0.082885
-0.082756
-0.08255
-0.082413
-0.081967
-0.081425
-0.081255
-0.081445
-0.081792
-0.081807
-0.082272
-0.082528
-0.082656
-0.082031
-0.08108
-0.080263
-0.079057
-0.077743
-0.076682
-0.075657
-0.074771
-0.074516
-0.074205
-0.074462
-0.074363
-0.074605
-0.074697
-0.074783
-0.074945
-0.075212
-0.075176
-0.075229
-0.075439
-0.075961
-0.075823
-0.075865
-0.075596
-0.074776
-0.073853
-0.072697
-0.071702
-0.070805
-0.070176
-0.069756
-0.0697
-0.069914
-0.07049
-0.070867
-0.071619
-0.071626
-0.071864
-0.071992
-0.071771
-0.07161
-0.071425
-0.071119
-0.070624
-0.070245
-0.069505
-0.068903
-0.067793
-0.067051
-0.066603
-0.066576
-0.067278
-0.068588
-0.070946
-0.074055
-0.077469
-0.081272
-0.085037
-0.088404
-0.091009
-0.092887
-0.093802
-0.094415
-0.094408
-0.094127
-0.094068
-0.093545
-0.093344
-0.092751
-0.091713
-0.090758
-0.089086
-0.08799
-0.086532
-0.085423
-0.084436
-0.083686
-0.083646
-0.08392
-0.084217
-0.084292
-0.084691
-0.084513
-0.083992
-0.082884
-0.081426
-0.079773
-0.078024
-0.076559
-0.074519
-0.073011
-0.071616
-0.070369
-0.069636
-0.069093
-0.068486
-0.068098
-0.067756
-0.067432
-0.06703
-0.066319
-0.066064
-0.065541
-0.06537
-0.065174
-0.065162
-0.06481
-0.065111
-0.064975
-0.065265
-0.0655
-0.065733
-0.066192
-0.066823
-0.067973
-0.069536
-0.071464
-0.073562
-0.075835
-0.078544
-0.080557
-0.082748
-0.084182
-0.085428
-0.08614
-0.086088
-0.085777
-0.085344
-0.085079
-0.084903
-0.084844
-0.08496
-0.085237
-0.085567
-0.085716
-0.085509
-0.084959
-0.083972
-0.083134
-0.081893
-0.080778
-0.079944
-0.079013
-0.077935
-0.077001
-0.076043
-0.075074
-0.073406
-0.072022
-0.070164
-0.068923
-0.067923
-0.067476
-0.06702
-0.067149
-0.067579
-0.068053
-0.06826
-0.068742
-0.068759
-0.068948
-0.068757
-0.068904
-0.069351
-0.069852
-0.07085
-0.071894
-0.073212
-0.074347
-0.075901
-0.077348
-0.078581
-0.080193
-0.081594
-0.082702
-0.084278
-0.085465
-0.086328
-0.086835
-0.086566
-0.085672
-0.084573
-0.083017
-0.081281
-0.079852
-0.078434
-0.077534
-0.077123
-0.077547
-0.078155
-0.07873
-0.079558
-0.080138
-0.080572
-0.080423
-0.080034
-0.079879
-0.079468
-0.079304
-0.079364
-0.079458
-0.079793
-0.080689
-0.081353
-0.081847
-0.082571
-0.082822
-0.082767
-0.082717
-0.082489
-0.082111
-0.081842
-0.081613
-0.081883
-0.082609
-0.083377
-0.084314
-0.085198
-0.085961
-0.086484
-0.086178
-0.085401
-0.0844
-0.082693
-0.080792
-0.078556
-0.07659
-0.074814
-0.073367
-0.07216
-0.071514
-0.071036
-0.070653
-0.070349
-0.070314
-0.06983
-0.069394
-0.068939
-0.068207
-0.067901
-0.067905
-0.068059
-0.068129
-0.068991
-0.070032
-0.070901
-0.072024
-0.072937
-0.073942
-0.07449
-0.07526
-0.076039
-0.076919
-0.077968
-0.079306
-0.080814
-0.082425
-0.083894
-0.085161
-0.086138
-0.086858
-0.087291
-0.087396
-0.087433
-0.087439
-0.087324
-0.087077
-0.08714
-0.086859
-0.086989
-0.086884
-0.086464
-0.085592
-0.084529
-0.082544
-0.080202
-0.077767
-0.074831
-0.071934
-0.069608
-0.067679
-0.066015
-0.065269
-0.064443
-0.063975
-0.063782
-0.06312
-0.062282
-0.061168
-0.059709
-0.058475
-0.057431
-0.056608
-0.056801
-0.057478
-0.059227
-0.06156
-0.06422
-0.067504
-0.070854
-0.07457
-0.078053
-0.0812
-0.084059
-0.086757
-0.089299
-0.091164
-0.092902
-0.094289
-0.095375
-0.096502
-0.097074
-0.097382
-0.097323
-0.097099
-0.096842
-0.096331
-0.095875
-0.09494
-0.094112
-0.092993
-0.091828
-0.090423
-0.08899
-0.087496
-0.085983
-0.084294
-0.082277
-0.080281
-0.078106
-0.076105
-0.073713
-0.071468
-0.069209
-0.067098
-0.065868
-0.064306
-0.063672
-0.063167
-0.062873
-0.062869
-0.063186
-0.06327
-0.064025
-0.064681
-0.065775
-0.066675
-0.067838
-0.06919
-0.070034
-0.071162
-0.071974
-0.072494
-0.07254
-0.07302
-0.073224
-0.073629
-0.073947
-0.074402
-0.075273
-0.075929
-0.076813
-0.077722
-0.078189
-0.078508
-0.078453
-0.07833
-0.077857
-0.077154
-0.076517
-0.075668
-0.074625
-0.073677
-0.072927
-0.072434
-0.07195
-0.072226
-0.072931
-0.074132
-0.075682
-0.077215
-0.079007
-0.08071
-0.081958
-0.083023
-0.083368
-0.083287
-0.08241
-0.081662
-0.080535
-0.079837
-0.07929
-0.079448
-0.079724
-0.080578
-0.081884
-0.082396
-0.082993
-0.083313
-0.08345
-0.082938
-0.082257
-0.08102
-0.079747
-0.07861
-0.077511
-0.076823
-0.076517
-0.076374
-0.076659
-0.077532
-0.078282
-0.079523
-0.080654
-0.081623
-0.082453
-0.082868
-0.082919
-0.082512
-0.082137
-0.081361
-0.080648
-0.079943
-0.079243
-0.078783
-0.078225
-0.077099
-0.075469
-0.073547
-0.071297
-0.069152
-0.066977
-0.065256
-0.064147
-0.063816
-0.06411
-0.065057
-0.066432
-0.067936
-0.0699
-0.071813
-0.073104
-0.07492
-0.076541
-0.07785
-0.079032
-0.080371
-0.081664
-0.083122
-0.084816
-0.086367
-0.08829
-0.090209
-0.092193
-0.093707
-0.095356
-0.097176
-0.097916
-0.098686
-0.098632
-0.098158
-0.096822
-0.095308
-0.093102
-0.090738
-0.087947
-0.084904
-0.081961
-0.078612
-0.075113
-0.071755
-0.0683
-0.064973
-0.062185
-0.059768
-0.058047
-0.056908
-0.056447
-0.055756
-0.055814
-0.055767
-0.055496
-0.054899
-0.053975
-0.053467
-0.053282
-0.053797
-0.055463
-0.057596
-0.060948
-0.06498
-0.069083
-0.073633
-0.077836
-0.081564
-0.085394
-0.08848
-0.091334
-0.093709
-0.095812
-0.097666
-0.099748
-0.100967
-0.102116
-0.102998
-0.103277
-0.102751
-0.101397
-0.099648
-0.097147
-0.094292
-0.090901
-0.086899
-0.083473
-0.079833
-0.076564
-0.073678
-0.070735
-0.068819
-0.067023
-0.065414
-0.063688
-0.062515
-0.061221
-0.0598
-0.058418
-0.056815
-0.055673
-0.054722
-0.054565
-0.054941
-0.05602
-0.057523
-0.059526
-0.061481
-0.063841
-0.065711
-0.067487
-0.068983
-0.07041
-0.071462
-0.072814
-0.07437
-0.076108
-0.077763
-0.079775
-0.082044
-0.083665
-0.085272
-0.086456
-0.087224
-0.087576
-0.087867
-0.087608
-0.087615
-0.087307
-0.087045
-0.086598
-0.086111
-0.085179
-0.084415
-0.083518
-0.082764
-0.081753
-0.081044
-0.080546
-0.08027
-0.080188
-0.080027
-0.080117
-0.080242
-0.080251
-0.079771
-0.079712
-0.079269
-0.078601
-0.077858
-0.077219
-0.076611
-0.076615
-0.076527
-0.07667
-0.077145
-0.077274
-0.077603
-0.077727
-0.077872
-0.077494
-0.077358
-0.077528
-0.077592
-0.077988
-0.078937
-0.080192
-0.081812
-0.08327
-0.084868
-0.086076
-0.086764
-0.086682
-0.086149
-0.084487
-0.082568
-0.080268
-0.077477
-0.074897
-0.071973
-0.068944
-0.066194
-0.063621
-0.0614
-0.059429
-0.057538
-0.056163
-0.054969
-0.053778
-0.053541
-0.053028
-0.052766
-0.052658
-0.053237
-0.054165
-0.055606
-0.057822
-0.06027
-0.063063
-0.066256
-0.069468
-0.072725
-0.075757
-0.078658
-0.080978
-0.083112
-0.085137
-0.086675
-0.087482
-0.089302
-0.09091
-0.092648
-0.094633
-0.096754
-0.098965
-0.1006
-0.102257
-0.102755
-0.102698
-0.101664
-0.100271
-0.097838
-0.095075
-0.091695
-0.088364
-0.084922
-0.081932
-0.079302
-0.077177
-0.075794
-0.074442
-0.074217
-0.07386
-0.073697
-0.073578
-0.073487
-0.073118
-0.072523
-0.071841
-0.070923
-0.069947
-0.069186
-0.068697
-0.068172
-0.068306
-0.06874
-0.068816
-0.06965
-0.070513
-0.071356
-0.072416
-0.073783
-0.075396
-0.077359
-0.079487
-0.081842
-0.084136
-0.085986
-0.08781
-0.089004
-0.089786
-0.089859
-0.089775
-0.089535
-0.08903
-0.088232
-0.087825
-0.087687
-0.08738
-0.087451
-0.087932
-0.088282
-0.088456
-0.088193
-0.088162
-0.087675
-0.087249
-0.086321
-0.08479
-0.08337
-0.081359
-0.078598
-0.075702
-0.072248
-0.068604
-0.065088
-0.061855
-0.058862
-0.056355
-0.054229
-0.05284
-0.052177
-0.051869
-0.052327
-0.052805
-0.053571
-0.054889
-0.056017
-0.057688
-0.059058
-0.060524
-0.06205
-0.06354
-0.065171
-0.066441
-0.06796
-0.069234
-0.070873
-0.072614
-0.074454
-0.07673
-0.079004
-0.081429
-0.083885
-0.08617
-0.087927
-0.089486
-0.090883
-0.091681
-0.092296
-0.092697
-0.092755
-0.092469
-0.091746
-0.090719
-0.089421
-0.087691
-0.085856
-0.084073
-0.081942
-0.080255
-0.07895
-0.077967
-0.077446
-0.077631
-0.077982
-0.078424
-0.078553
-0.078437
-0.077762
-0.077062
-0.075825
-0.074467
-0.073657
-0.073203
-0.073415
-0.074647
-0.076373
-0.078792
-0.081296
-0.083878
-0.085609
-0.087017
-0.087898
-0.088242
-0.087655
-0.08735
-0.08664
-0.085787
-0.085183
-0.0847
-0.083645
-0.082746
-0.081165
-0.079688
-0.078047
-0.076292
-0.074811
-0.073449
-0.072237
-0.071292
-0.070387
-0.069582
-0.069049
-0.06861
-0.067681
-0.066724
-0.065753
-0.064487
-0.063305
-0.062102
-0.061312
-0.060935
-0.060655
-0.060769
-0.06068
-0.06122
-0.061398
-0.062212
-0.063206
-0.064695
-0.066168
-0.068475
-0.070952
-0.073534
-0.076638
-0.079476
-0.082272
-0.08454
-0.086626
-0.088489
-0.089361
-0.090134
-0.090439
-0.090399
-0.09075
-0.09099
-0.091086
-0.091682
-0.092205
-0.093183
-0.093849
-0.09421
-0.094282
-0.093781
-0.092633
-0.091186
-0.0891
-0.086331
-0.083519
-0.080132
-0.077033
-0.073747
-0.070391
-0.067202
-0.064138
-0.061189
-0.058659
-0.056339
-0.054411
-0.053269
-0.052853
-0.052876
-0.053438
-0.054355
-0.055609
-0.057031
-0.058651
-0.060205
-0.062078
-0.064144
-0.066111
-0.068746
-0.071855
-0.075037
-0.078751
-0.082485
-0.086204
-0.089369
-0.092422
-0.094591
-0.096154
-0.097411
-0.098845
-0.099917
-0.100857
-0.101936
-0.103231
-0.104074
-0.104695
-0.104818
-0.104429
-0.103103
-0.101022
-0.09815
-0.094995
-0.090741
-0.086583
-0.082359
-0.078151
-0.074287
-0.070824
-0.067816
-0.065382
-0.063777
-0.062476
-0.061675
-0.061378
-0.061328
-0.061368
-0.061462
-0.06209
-0.062368
-0.062801
-0.063554
-0.064244
-0.065296
-0.066152
-0.06756
-0.069009
-0.070832
-0.072485
-0.074153
-0.075843
-0.077249
-0.078484
-0.079818
-0.081209
-0.082352
-0.083659
-0.084612
-0.085856
-0.086804
-0.08719
-0.087331
-0.086875
-0.086405
-0.085033
-0.083938
-0.082436
-0.080571
-0.078702
-0.076788
-0.075019
-0.073488
-0.071832
-0.070884
-0.070309
-0.070032
-0.070143
-0.069997
-0.070196
-0.070118
-0.069963
-0.069737
-0.069311
-0.068957
-0.068342
-0.068437
-0.068329
-0.068892
-0.069646
-0.070783
-0.071967
-0.073455
-0.074659
-0.075968
-0.077022
-0.077907
-0.078746
-0.079523
-0.080428
-0.080727
-0.080895
-0.080243
-0.079412
-0.078371
-0.07727
-0.075555
-0.074579
-0.073619
-0.072962
-0.073013
-0.073136
-0.073467
-0.074356
-0.074522
-0.074693
-0.074593
-0.074096
-0.073274
-0.072482
-0.071551
-0.071234
-0.070928
-0.070862
-0.071238
-0.071478
-0.071515
-0.071436
-0.070784
-0.069988
-0.068908
-0.068094
-0.067705
-0.067954
-0.068701
-0.070493
-0.072559
-0.074801
-0.077584
-0.079908
-0.082224
-0.083747
-0.085046
-0.086277
-0.086887
-0.087274
-0.088099
-0.088869
-0.09003
-0.091205
-0.092431
-0.094118
-0.095588
-0.096622
-0.097405
-0.097436
-0.096852
-0.095627
-0.09391
-0.091458
-0.088763
-0.085654
-0.082131
-0.078485
-0.075702
-0.072761
-0.070003
-0.067673
-0.065231
-0.063168
-0.061002
-0.059341
-0.057175
-0.056073
-0.055177
-0.054983
-0.055321
-0.056104
-0.057092
-0.05856
-0.059278
-0.060025
-0.060544
-0.060843
-0.060717
-0.060604
-0.060672
-0.061513
-0.062856
-0.065166
-0.068262
-0.072007
-0.07585
-0.079674
-0.082777
-0.085321
-0.086948
-0.087632
-0.087525
-0.086825
-0.085992
-0.084654
-0.083352
-0.082417
-0.081838
-0.08192
-0.082916
-0.084198
-0.085426
-0.086361
-0.087258
-0.088088
-0.08804
-0.087661
-0.086705
-0.085582
-0.083983
-0.083019
-0.082137
-0.081378
-0.08107
-0.080892
-0.080614
-0.080454
-0.079743
-0.079332
-0.078255
-0.076787
-0.074946
-0.073187
-0.071985
-0.070236
-0.069158
-0.068641
-0.067998
-0.068346
-0.068679
-0.069232
-0.069856
-0.070457
-0.070944
-0.071771
-0.071812
-0.072104
-0.07222
-0.07259
-0.072688
-0.073614
-0.074481
-0.075746
-0.077329
-0.079259
-0.081132
-0.083095
-0.084587
-0.086382
-0.087325
-0.088126
-0.088829
-0.089252
-0.089372
-0.089294
-0.088853
-0.088192
-0.0872
-0.086463
-0.085143
-0.083519
-0.082209
-0.080547
-0.079034
-0.077772
-0.076783
-0.075653
-0.074813
-0.073818
-0.072363
-0.071057
-0.069043
-0.067313
-0.065642
-0.064015
-0.063479
-0.063142
-0.063861
-0.065088
-0.066915
-0.069284
-0.071961
-0.074399
-0.076806
-0.07888
-0.080959
-0.082186
-0.083391
-0.084402
-0.084833
-0.08495
-0.084926
-0.084169
-0.083945
-0.083719
-0.083077
-0.082608
-0.081717
-0.08076
-0.079473
-0.07793
-0.075972
-0.073416
-0.070383
-0.067174
-0.06385
-0.060501
-0.057855
-0.05643
-0.056131
-0.056141
-0.057593
-0.059815
-0.062498
-0.064808
-0.067641
-0.069782
-0.072044
-0.073599
-0.075371
-0.077124
-0.078757
-0.080989
-0.083295
-0.085441
-0.087801
-0.08977
-0.091283
-0.092732
-0.093637
-0.093699
-0.093358
-0.092808
-0.09186
-0.090661
-0.089531
-0.088234
-0.086732
-0.085122
-0.083998
-0.082495
-0.081131
-0.079554
-0.078408
-0.077225
-0.075598
-0.074297
-0.072616
-0.071023
-0.068528
-0.066313
-0.063733
-0.061335
-0.059201
-0.057517
-0.05667
-0.056336
-0.056567
-0.05705
-0.057878
-0.058739
-0.060201
-0.061445
-0.06299
-0.065031
-0.066924
-0.069117
-0.071377
-0.073831
-0.07617
-0.078439
-0.080113
-0.081092
-0.081966
-0.08253
-0.082409
-0.082778
-0.082894
-0.082943
-0.083097
-0.083329
-0.083616
-0.083561
-0.083384
-0.083504
-0.083199
-0.083757
-0.084431
-0.085484
-0.086933
-0.088555
-0.090552
-0.09218
-0.093334
-0.093592
-0.093341
-0.092437
-0.090993
-0.089119
-0.087105
-0.085017
-0.083069
-0.081378
-0.080142
-0.078954
-0.078359
-0.077226
-0.076287
-0.075631
-0.074435
-0.07352
-0.0726
-0.071513
-0.070449
-0.069762
-0.069043
-0.06831
-0.067602
-0.066878
-0.066339
-0.065879
-0.065521
-0.065337
-0.065714
-0.066067
-0.066597
-0.067404
-0.06817
-0.06917
-0.070135
-0.07163
-0.072849
-0.074007
-0.075477
-0.076813
-0.078003
-0.07846
-0.078388
-0.07793
-0.076751
-0.075598
-0.074221
-0.072987
-0.071561
-0.071024
-0.071104
-0.071307
-0.072225
-0.073343
-0.074897
-0.076562
-0.077867
-0.079162
-0.079805
-0.080009
-0.080093
-0.079797
-0.079447
-0.078765
-0.078151
-0.077778
-0.077525
-0.077746
-0.078232
-0.078933
-0.080163
-0.0817
-0.083011
-0.083984
-0.084842
-0.085227
-0.085484
-0.085088
-0.084593
-0.08389
-0.082963
-0.08197
-0.080979
-0.08026
-0.079596
-0.078717
-0.077892
-0.076793
-0.076014
-0.075124
-0.074305
-0.073834
-0.073977
-0.0744
-0.074831
-0.075448
-0.076187
-0.076008
-0.076069
-0.076007
-0.076079
-0.07567
-0.076142
-0.07634
-0.077587
-0.078552
-0.07945
-0.080325
-0.081106
-0.08163
-0.082017
-0.082401
-0.082831
-0.083168
-0.083572
-0.084029
-0.084434
-0.084268
-0.084367
-0.083865
-0.08341
-0.082196
-0.081436
-0.080225
-0.079103
-0.078092
-0.077204
-0.076322
-0.075343
-0.074359
-0.073426
-0.072511
-0.071513
-0.070448
-0.069875
-0.069041
-0.068051
-0.067342
-0.066311
-0.065362
-0.064466
-0.063675
-0.062868
-0.061977
-0.061475
-0.061602
-0.062008
-0.062591
-0.063843
-0.065124
-0.066274
-0.067359
-0.068457
-0.068716
-0.069237
-0.068937
-0.068355
-0.068027
-0.067388
-0.066887
-0.066657
-0.066601
-0.066114
-0.066314
-0.066081
-0.066277
-0.066679
-0.067207
-0.068442
-0.069844
-0.071888
-0.073972
-0.076352
-0.078675
-0.081191
-0.08324
-0.08502
-0.086433
-0.087609
-0.088565
-0.089631
-0.090331
-0.090759
-0.090918
-0.090982
-0.090914
-0.090429
-0.089868
-0.089089
-0.088475
-0.087599
-0.086642
-0.085702
-0.084346
-0.082815
-0.081771
-0.080151
-0.07881
-0.077681
-0.07718
-0.076979
-0.077336
-0.077597
-0.078232
-0.07844
-0.078677
-0.078321
-0.077529
-0.076755
-0.075462
-0.074807
-0.07419
-0.07371
-0.073834
-0.074277
-0.074919
-0.07558
-0.07614
-0.076344
-0.076261
-0.075717
-0.074971
-0.073509
-0.072264
-0.070529
-0.068963
-0.067546
-0.066125
-0.065318
-0.0643
-0.063858
-0.063482
-0.063493
-0.063948
-0.064595
-0.065892
-0.067638
-0.069664
-0.071994
-0.074405
-0.076375
-0.077804
-0.078665
-0.079028
-0.078825
-0.078657
-0.078542
-0.078191
-0.078479
-0.078837
-0.079701
-0.080495
-0.081407
-0.082123
-0.082464
-0.082969
-0.082942
-0.083032
-0.082904
-0.083092
-0.083361
-0.08377
-0.08359
-0.083321
-0.082646
-0.081423
-0.079406
-0.077319
-0.074913
-0.071939
-0.069399
-0.067001
-0.064809
-0.063609
-0.062615
-0.062355
-0.062615
-0.062938
-0.063719
-0.064043
-0.064932
-0.065676
-0.066599
-0.067349
-0.068827
-0.070413
-0.07215
-0.074207
-0.075952
-0.077525
-0.079123
-0.0809
-0.082129
-0.083524
-0.085129
-0.086939
-0.08839
-0.090123
-0.091707
-0.09266
-0.093042
-0.093017
-0.092316
-0.091496
-0.090163
-0.088887
-0.087205
-0.085691
-0.084003
-0.082675
-0.08147
-0.080328
-0.079595
-0.078921
-0.078775
-0.078763
-0.07908
-0.079677
-0.080286
-0.080959
-0.081249
-0.081199
-0.080225
-0.07903
-0.077384
-0.074968
-0.072607
-0.070291
-0.068009
-0.066172
-0.064952
-0.064498
-0.064556
-0.065114
-0.066469
-0.067916
-0.069501
-0.071008
-0.072073
-0.073443
-0.074493
-0.075335
-0.075872
-0.076501
-0.077179
-0.077834
-0.077963
-0.077965
-0.078055
-0.078179
-0.078186
-0.078166
-0.078019
-0.077845
-0.077577
-0.077172
-0.076535
-0.075827
-0.075058
-0.074308
-0.073402
-0.072774
-0.07198
-0.071219
-0.070567
-0.070189
-0.070137
-0.070246
-0.070725
-0.071821
-0.073434
-0.075422
-0.077313
-0.079221
-0.080552
-0.081638
-0.081855
-0.08144
-0.080408
-0.078625
-0.076731
-0.074652
-0.072906
-0.071438
-0.07014
-0.069412
-0.069055
-0.069054
-0.069197
-0.070068
-0.07069
-0.071774
-0.073073
-0.074791
-0.076386
-0.078411
-0.080169
-0.081745
-0.082601
-0.082922
-0.082941
-0.081811
-0.080532
-0.079054
-0.077594
-0.075487
-0.073438
-0.071555
-0.069872
-0.068559
-0.06732
-0.066221
-0.065812
-0.065515
-0.065682
-0.066364
-0.067507
-0.068875
-0.070454
-0.072047
-0.073893
-0.075582
-0.076947
-0.07764
-0.077916
-0.078035
-0.077596
-0.077374
-0.077043
-0.077277
-0.077903
-0.078956
-0.080384
-0.082086
-0.083854
-0.085404
-0.087406
-0.088764
-0.090291
-0.091354
-0.092484
-0.093151
-0.093615
-0.094219
-0.094172
-0.094252
-0.093721
-0.092966
-0.091478
-0.089977
-0.087927
-0.086211
-0.084443
-0.082591
-0.080785
-0.079313
-0.077678
-0.075855
-0.073909
-0.071779
-0.069508
-0.067089
-0.064196
-0.061665
-0.059464
-0.057971
-0.056675
-0.056568
-0.056889
-0.057515
-0.058334
-0.058863
-0.05928
-0.05957
-0.059641
-0.060096
-0.060538
-0.061503
-0.063182
-0.06492
-0.067504
-0.07025
-0.072789
-0.075828
-0.078535
-0.080797
-0.082537
-0.084176
-0.085997
-0.087136
-0.087996
-0.08891
-0.089534
-0.089728
-0.090081
-0.090303
-0.090727
-0.090588
-0.090508
-0.090171
-0.089915
-0.089031
-0.087882
-0.0861
-0.084055
-0.081656
-0.078896
-0.076199
-0.074124
-0.071733
-0.070122
-0.068477
-0.067443
-0.066445
-0.066087
-0.065036
-0.064241
-0.063859
-0.063232
-0.063077
-0.063836
-0.064422
-0.066262
-0.068323
-0.070861
-0.073571
-0.076259
-0.078733
-0.080715
-0.082024
-0.083054
-0.083598
-0.083988
-0.083977
-0.084268
-0.084488
-0.085054
-0.08574
-0.086427
-0.087202
-0.087974
-0.088199
-0.088535
-0.088388
-0.087897
-0.086815
-0.085582
-0.084214
-0.083096
-0.081586
-0.080608
-0.079833
-0.079132
-0.078383
-0.077758
-0.077133
-0.075957
-0.074675
-0.0729
-0.071169
-0.069217
-0.06757
-0.066088
-0.065341
-0.064892
-0.064776
-0.065534
-0.066428
-0.067724
-0.069031
-0.070079
-0.07153
-0.072704
-0.073987
-0.075195
-0.076508
-0.077689
-0.079502
-0.080843
-0.08247
-0.083697
-0.084241
-0.084067
-0.082959
-0.081704
-0.07962
-0.077681
-0.075658
-0.073518
-0.072003
-0.070502
-0.06934
-0.06822
-0.067325
-0.066258
-0.065658
-0.065061
-0.065302
-0.065987
-0.067287
-0.068249
-0.069503
-0.070671
-0.07107
-0.070907
-0.069989
-0.068595
-0.066901
-0.064657
-0.062943
-0.061246
-0.060814
-0.060979
-0.062063
-0.06399
-0.0666
-0.069087
-0.071998
-0.074622
-0.077006
-0.079376
-0.081344
-0.083616
-0.085415
-0.087369
-0.088873
-0.090229
-0.091441
-0.092081
-0.092801
-0.092942
-0.092843
-0.09273
-0.092093
-0.091846
-0.091239
-0.090665
-0.089887
-0.088813
-0.087558
-0.086031
-0.08407
-0.081849
-0.079469
-0.077215
-0.074667
-0.072315
-0.070082
-0.067861
-0.065988
-0.064061
-0.061661
-0.059679
-0.057711
-0.056262
-0.054966
-0.053785
-0.053683
-0.053844
-0.054369
-0.055372
-0.056701
-0.058244
-0.059695
-0.061261
-0.063154
-0.06461
-0.066063
-0.067663
-0.069394
-0.071502
-0.073439
-0.075851
-0.078715
-0.081519
-0.084596
-0.087773
-0.090784
-0.093655
-0.096472
-0.098507
-0.100297
-0.101461
-0.101679
-0.101485
-0.100492
-0.099148
-0.097298
-0.095335
-0.09318
-0.090904
-0.088674
-0.085995
-0.083559
-0.080547
-0.077418
-0.074642
-0.071657
-0.068973
-0.066317
-0.064572
-0.063142
-0.062475
-0.061997
-0.062217
-0.062475
-0.062908
-0.063514
-0.064025
-0.064937
-0.06577
-0.066724
-0.067799
-0.069329
-0.071056
-0.072926
-0.07508
-0.077124
-0.078717
-0.0801
-0.08091
-0.081029
-0.080816
-0.080234
-0.079545
-0.078667
-0.078137
-0.078101
-0.078432
-0.079616
-0.080406
-0.082097
-0.083408
-0.084294
-0.084481
-0.084158
-0.083086
-0.081526
-0.079631
-0.077689
-0.075763
-0.073947
-0.072782
-0.071941
-0.071098
-0.07053
-0.07047
-0.069719
-0.06922
-0.068272
-0.068006
-0.067537
-0.067697
-0.068209
-0.06923
-0.070835
-0.072257
-0.074333
-0.075858
-0.077141
-0.078073
-0.078715
-0.079382
-0.079621
-0.079795
-0.080316
-0.080543
-0.081125
-0.081575
-0.081591
-0.081732
-0.081257
-0.080775
-0.080027
-0.079612
-0.07892
-0.078678
-0.078593
-0.07871
-0.079002
-0.078957
-0.079479
-0.079608
-0.080153
-0.08022
-0.080387
-0.080385
-0.080719
-0.080781
-0.080464
-0.080358
-0.079412
-0.078177
-0.076404
-0.074796
-0.073119
-0.071538
-0.069877
-0.06875
-0.067329
-0.066512
-0.066035
-0.065834
-0.06542
-0.065741
-0.066936
-0.068131
-0.069937
-0.07203
-0.074819
-0.077179
-0.079988
-0.082509
-0.085126
-0.08758
-0.089586
-0.091279
-0.092496
-0.09342
-0.093729
-0.093419
-0.092948
-0.091847
-0.090812
-0.089442
-0.088031
-0.086588
-0.085575
-0.084312
-0.082846
-0.0815
-0.080184
-0.078417
-0.07605
-0.073611
-0.070528
-0.066799
-0.063685
-0.060365
-0.057776
-0.055448
-0.053722
-0.052742
-0.052026
-0.051588
-0.051121
-0.050441
-0.049651
-0.048767
-0.047747
-0.047052
-0.046632
-0.046935
-0.048224
-0.050267
-0.053388
-0.056861
-0.061172
-0.065257
-0.069547
-0.07374
-0.07758
-0.081174
-0.084635
-0.08744
-0.090253
-0.092434
-0.094286
-0.095952
-0.096844
-0.098038
-0.098704
-0.099191
-0.099173
-0.099108
-0.098658
-0.097903
-0.096931
-0.095481
-0.093609
-0.09151
-0.089665
-0.087428
-0.085282
-0.083603
-0.081753
-0.080224
-0.078684
-0.077198
-0.075701
-0.074191
-0.072894
-0.071818
-0.070616
-0.069983
-0.069466
-0.068764
-0.068494
-0.067851
-0.067671
-0.067542
-0.067602
-0.067457
-0.067454
-0.067732
-0.068207
-0.068997
-0.070149
-0.070823
-0.07228
-0.073799
-0.075098
-0.076723
-0.077979
-0.079231
-0.080718
-0.082062
-0.083485
-0.084835
-0.086645
-0.087879
-0.089253
-0.089891
-0.090303
-0.089844
-0.089286
-0.088293
-0.087066
-0.085464
-0.083014
-0.081001
-0.0783
-0.07559
-0.072469
-0.069746
-0.066968
-0.065061
-0.064099
-0.063454
-0.064018
-0.065185
-0.066651
-0.068172
-0.069551
-0.070177
-0.070407
-0.069584
-0.068923
-0.068034
-0.067116
-0.066241
-0.066235
-0.066774
-0.067997
-0.069779
-0.072034
-0.074503
-0.076714
-0.079037
-0.080917
-0.082205
-0.082995
-0.083508
-0.083723
-0.083753
-0.083652
-0.08375
-0.083856
-0.083794
-0.083922
-0.083679
-0.083463
-0.082567
-0.081085
-0.078934
-0.076653
-0.073791
-0.070946
-0.068265
-0.066326
-0.065166
-0.064457
-0.064295
-0.064558
-0.065168
-0.065864
-0.066333
-0.066636
-0.066884
-0.067001
-0.067417
-0.068521
-0.069793
-0.071198
-0.072974
-0.075306
-0.077668
-0.079698
-0.081479
-0.083039
-0.084205
-0.085409
-0.086214
-0.08704
-0.088116
-0.089133
-0.090443
-0.091863
-0.092663
-0.093458
-0.093728
-0.093614
-0.093516
-0.09299
-0.092403
-0.092028
-0.091254
-0.090063
-0.088726
-0.086928
-0.084195
-0.081207
-0.077988
-0.074759
-0.071519
-0.068424
-0.065668
-0.063335
-0.061329
-0.059489
-0.057554
-0.055726
-0.054389
-0.052777
-0.051724
-0.051611
-0.052364
-0.054273
-0.056484
-0.059527
-0.062246
-0.0647
-0.066919
-0.068304
-0.069663
-0.070371
-0.071002
-0.071521
-0.0725
-0.073768
-0.075174
-0.076665
-0.077932
-0.079285
-0.079787
-0.080432
-0.081325
-0.081616
-0.081893
-0.082431
-0.08277
-0.083398
-0.084136
-0.084739
-0.084971
-0.084696
-0.084416
-0.083431
-0.082689
-0.081993
-0.081064
-0.080277
-0.079818
-0.07932
-0.078936
-0.077879
-0.077331
-0.076365
-0.074497
-0.072941
-0.071307
-0.06964
-0.06793
-0.066956
-0.065203
-0.064318
-0.063349
-0.06265
-0.062399
-0.06205
-0.061994
-0.06221
-0.062515
-0.062977
-0.063547
-0.064265
-0.064731
-0.065664
-0.066531
-0.067542
-0.068714
-0.070008
-0.071644
-0.073315
-0.07501
-0.076745
-0.078553
-0.079994
-0.081467
-0.082435
-0.083166
-0.083057
-0.083116
-0.083083
-0.082879
-0.082912
-0.083221
-0.083262
-0.083956
-0.084539
-0.085313
-0.086201
-0.086769
-0.087396
-0.087763
-0.088164
-0.087771
-0.086982
-0.085625
-0.084095
-0.082074
-0.079952
-0.077948
-0.07637
-0.07444
-0.072926
-0.071884
-0.071167
-0.070251
-0.069365
-0.068937
-0.069213
-0.06995
-0.071222
-0.073337
-0.075822
-0.0786
-0.081573
-0.084402
-0.086439
-0.087764
-0.088594
-0.088498
-0.088009
-0.087024
-0.085657
-0.084256
-0.083113
-0.08153
-0.080231
-0.079042
-0.077329
-0.07595
-0.074183
-0.072369
-0.07052
-0.068481
-0.066506
-0.065454
-0.064475
-0.063988
-0.063529
-0.063453
-0.063473
-0.063408
-0.063308
-0.063328
-0.062977
-0.063081
-0.063164
-0.063689
-0.063887
-0.06455
-0.065109
-0.06587
-0.067265
-0.068513
-0.070073
-0.072092
-0.074057
-0.076333
-0.078392
-0.080408
-0.082529
-0.084243
-0.085711
-0.087172
-0.087879
-0.088579
-0.089185
-0.089477
-0.089965
-0.090185
-0.090287
-0.090541
-0.09051
-0.089883
-0.089175
-0.088408
-0.087501
-0.086379
-0.084776
-0.08296
-0.080436
-0.077899
-0.074923
-0.071626
-0.068691
-0.065575
-0.063396
-0.062109
-0.061155
-0.060551
-0.060791
-0.061375
-0.061589
-0.06213
-0.062039
-0.062013
-0.061999
-0.062409
-0.063429
-0.064915
-0.067439
-0.069977
-0.073096
-0.076091
-0.079192
-0.081834
-0.083861
-0.085259
-0.086523
-0.08733
-0.088051
-0.088171
-0.08872
-0.089394
-0.08985
-0.090186
-0.090339
-0.090471
-0.08986
-0.089356
-0.088509
-0.087926
-0.087685
-0.087792
-0.088499
-0.089007
-0.089244
-0.089124
-0.088502
-0.086798
-0.084212
-0.081083
-0.077658
-0.073988
-0.070259
-0.067387
-0.064882
-0.06265
-0.060937
-0.059736
-0.058567
-0.057852
-0.056769
-0.056068
-0.055406
-0.05596
-0.056251
-0.057857
-0.059854
-0.062067
-0.064357
-0.066689
-0.068884
-0.070641
-0.072066
-0.072755
-0.073097
-0.073195
-0.072622
-0.072249
-0.071903
-0.071469
-0.070961
-0.070742
-0.071229
-0.071193
-0.071805
-0.072675
-0.07321
-0.074443
-0.075442
-0.076738
-0.077591
-0.078668
-0.079453
-0.079969
-0.080726
-0.081181
-0.081599
-0.081729
-0.081974
-0.081409
-0.080586
-0.079567
-0.078645
-0.077168
-0.076062
-0.075381
-0.075281
-0.075662
-0.076733
-0.078269
-0.08015
-0.081885
-0.083267
-0.084261
-0.084878
-0.084913
-0.084582
-0.084127
-0.083609
-0.082858
-0.082346
-0.08215
-0.081896
-0.081653
-0.081174
-0.080601
-0.079714
-0.078739
-0.077627
-0.076641
-0.075434
-0.074565
-0.073952
-0.07309
-0.072473
-0.071611
-0.070974
-0.070035
-0.069539
-0.06889
-0.069102
-0.069438
-0.070071
-0.070504
-0.070869
-0.071041
-0.070808
-0.070829
-0.070288
-0.070124
-0.070045
-0.070195
-0.071005
-0.072381
-0.074173
-0.076062
-0.077698
-0.07921
-0.080477
-0.080971
-0.080804
-0.079956
-0.078684
-0.077581
-0.076541
-0.075849
-0.075579
-0.075733
-0.076132
-0.076919
-0.07815
-0.079394
-0.080528
-0.081549
-0.083282
-0.085017
-0.086576
-0.08819
-0.089763
-0.090869
-0.091053
-0.090596
-0.089089
-0.087325
-0.085003
-0.082503
-0.079614
-0.077062
-0.074517
-0.073062
-0.071068
-0.069805
-0.067978
-0.066579
-0.065247
-0.06396
-0.062843
-0.062
-0.061244
-0.061111
-0.061372
-0.062115
-0.063214
-0.064606
-0.066004
-0.067444
-0.068681
-0.069747
-0.070648
-0.071473
-0.072266
-0.0734
-0.074755
-0.076232
-0.077767
-0.079641
-0.081362
-0.082693
-0.083917
-0.084523
-0.084515
-0.084297
-0.084066
-0.084026
-0.083838
-0.083776
-0.083801
-0.083955
-0.08389
-0.083428
-0.082679
-0.081048
-0.079396
-0.07779
-0.076135
-0.074761
-0.073875
-0.073
-0.072447
-0.071938
-0.072138
-0.071479
-0.071296
-0.0711
-0.071037
-0.071043
-0.071432
-0.071707
-0.0725
-0.073088
-0.073675
-0.074186
-0.07408
-0.073584
-0.072955
-0.072399
-0.071378
-0.070754
-0.070325
-0.070021
-0.069923
-0.06974
-0.069468
-0.068936
-0.06826
-0.067716
-0.067126
-0.066756
-0.067004
-0.067635
-0.069328
-0.071349
-0.073412
-0.07567
-0.077684
-0.078892
-0.079703
-0.079929
-0.080127
-0.079998
-0.080328
-0.08059
-0.080952
-0.081332
-0.081967
-0.082347
-0.082302
-0.082028
-0.081314
-0.080927
-0.080479
-0.080147
-0.080476
-0.080981
-0.081694
-0.083071
-0.083893
-0.084424
-0.084546
-0.084227
-0.083244
-0.081671
-0.079807
-0.07829
-0.07694
-0.075829
-0.075225
-0.074918
-0.074902
-0.074721
-0.0742
-0.073639
-0.072468
-0.071444
-0.069964
-0.068127
-0.0664
-0.064594
-0.062734
-0.06136
-0.06011
-0.05917
-0.058742
-0.0589
-0.059385
-0.060421
-0.061568
-0.063285
-0.064296
-0.065447
-0.066437
-0.067216
-0.067997
-0.068548
-0.069249
-0.069999
-0.070592
-0.071384
-0.071916
-0.07251
-0.072618
-0.072739
-0.073098
-0.073456
-0.073621
-0.074181
-0.07497
-0.075606
-0.076692
-0.077548
-0.078799
-0.079856
-0.080797
-0.082
-0.083245
-0.084592
-0.085807
-0.086834
-0.087716
-0.088582
-0.089102
-0.089348
-0.088943
-0.088087
-0.086363
-0.084345
-0.082444
-0.080023
-0.07827
-0.076687
-0.075747
-0.075417
-0.075489
-0.075998
-0.07636
-0.076692
-0.077516
-0.078123
-0.078366
-0.078617
-0.078948
-0.079138
-0.078595
-0.078081
-0.077612
-0.077204
-0.076627
-0.076014
-0.075846
-0.075701
-0.075944
-0.075692
-0.075514
-0.075234
-0.075002
-0.074512
-0.073888
-0.073611
-0.073792
-0.074397
-0.07584
-0.077476
-0.079384
-0.080895
-0.082329
-0.082806
-0.082641
-0.082011
-0.080797
-0.079944
-0.078569
-0.077827
-0.076879
-0.076412
-0.076024
-0.075549
-0.074875
-0.074045
-0.072599
-0.071355
-0.070043
-0.069541
-0.068824
-0.06915
-0.069578
-0.070951
-0.072365
-0.074242
-0.075455
-0.0765
-0.076583
-0.076384
-0.075979
-0.075259
-0.0746
-0.074182
-0.073945
-0.074322
-0.074902
-0.075339
-0.075888
-0.075929
-0.075428
-0.074447
-0.072738
-0.070405
-0.068148
-0.065785
-0.063602
-0.061883
-0.061307
-0.060657
-0.061561
-0.062643
-0.064244
-0.066335
-0.068481
-0.070473
-0.072192
-0.073294
-0.074137
-0.074419
-0.074719
-0.075274
-0.076074
-0.076672
-0.077213
-0.077881
-0.078409
-0.078438
-0.078476
-0.078857
-0.078691
-0.078849
-0.079391
-0.080364
-0.08125
-0.082574
-0.083837
-0.084437
-0.084754
-0.084689
-0.084625
-0.084201
-0.083977
-0.084134
-0.084734
-0.08543
-0.086555
-0.087305
-0.088123
-0.088451
-0.088332
-0.087581
-0.086781
-0.085501
-0.084436
-0.083259
-0.082274
-0.08087
-0.079477
-0.078108
-0.076032
-0.073902
-0.071472
-0.069184
-0.066839
-0.065223
-0.064084
-0.062881
-0.062557
-0.062615
-0.063042
-0.06332
-0.063458
-0.063676
-0.063424
-0.062895
-0.062547
-0.062139
-0.06212
-0.061802
-0.06164
-0.061552
-0.061368
-0.060828
-0.060966
-0.061459
-0.062421
-0.063642
-0.065689
-0.068385
-0.071558
-0.075184
-0.078953
-0.082243
-0.08582
-0.088922
-0.091191
-0.092864
-0.094048
-0.094688
-0.094697
-0.094181
-0.093781
-0.092493
-0.090738
-0.088461
-0.085374
-0.082409
-0.078931
-0.075316
-0.071961
-0.069148
-0.06691
-0.065302
-0.064636
-0.064293
-0.064263
-0.064222
-0.06397
-0.063615
-0.062902
-0.062372
-0.061504
-0.060955
-0.06079
-0.0611
-0.06217
-0.063584
-0.065843
-0.068093
-0.070709
-0.073218
-0.075427
-0.077265
-0.078769
-0.080294
-0.081391
-0.082168
-0.083095
-0.083721
-0.084286
-0.084698
-0.085057
-0.084897
-0.084611
-0.083773
-0.082683
-0.081483
-0.080309
-0.079063
-0.078096
-0.077591
-0.077243
-0.076921
-0.07639
-0.076382
-0.076194
-0.076067
-0.075421
-0.074787
-0.074491
-0.073824
-0.073166
-0.073139
-0.073293
-0.074098
-0.075081
-0.076743
-0.078318
-0.080047
-0.081395
-0.082782
-0.083716
-0.084441
-0.084636
-0.084866
-0.084811
-0.084292
-0.083991
-0.083636
-0.083553
-0.083954
-0.084308
-0.084681
-0.084833
-0.084291
-0.083836
-0.082673
-0.081307
-0.079272
-0.077467
-0.075909
-0.074291
-0.072824
-0.07173
-0.070677
-0.070068
-0.068914
-0.068569
-0.068051
-0.067251
-0.06697
-0.066643
-0.066361
-0.066325
-0.066396
-0.066497
-0.066707
-0.066882
-0.067034
-0.067149
-0.067194
-0.06694
-0.066948
-0.067076
-0.067525
-0.067839
-0.068782
-0.069707
-0.07092
-0.071825
-0.072551
-0.073438
-0.073728
-0.074185
-0.074467
-0.074671
-0.075344
-0.076308
-0.077747
-0.079564
-0.08167
-0.083821
-0.085465
-0.086543
-0.086878
-0.086272
-0.085281
-0.083665
-0.082196
-0.080607
-0.079149
-0.078258
-0.077482
-0.077062
-0.076716
-0.076453
-0.076061
-0.074939
-0.073698
-0.072072
-0.070476
-0.068567
-0.066672
-0.065367
-0.0647
-0.064242
-0.064239
-0.063959
-0.063659
-0.062966
-0.0619
-0.060661
-0.059265
-0.058137
-0.057375
-0.057673
-0.058491
-0.060422
-0.062848
-0.066225
-0.069762
-0.073374
-0.077068
-0.080503
-0.083444
-0.086286
-0.089029
-0.091408
-0.09361
-0.095271
-0.097239
-0.09883
-0.100085
-0.100484
-0.100332
-0.099341
-0.097688
-0.095058
-0.092274
-0.08944
-0.086648
-0.084139
-0.082118
-0.080452
-0.079336
-0.078393
-0.077654
-0.076281
-0.074577
-0.072488
-0.070094
-0.067551
-0.064801
-0.062094
-0.060143
-0.058971
-0.057721
-0.05718
-0.056986
-0.057224
-0.057388
-0.057704
-0.057922
-0.058409
-0.059151
-0.060043
-0.061397
-0.062739
-0.065187
-0.067654
-0.069672
-0.071437
-0.073042
-0.074242
-0.074128
-0.073827
-0.073088
-0.072252
-0.071727
-0.071487
-0.071987
-0.072833
-0.073939
-0.075175
-0.076618
-0.077386
-0.077881
-0.077919
-0.077789
-0.077315
-0.076829
-0.076503
-0.076095
-0.075505
-0.074769
-0.073945
-0.073415
-0.072372
-0.07138
-0.070326
-0.070378
-0.070269
-0.070284
-0.071075
-0.071579
-0.072811
-0.074204
-0.075276
-0.076421
-0.077785
-0.078883
-0.079848
-0.080455
-0.080511
-0.080259
-0.079832
-0.079085
-0.078369
-0.077929
-0.077473
-0.077432
-0.077815
-0.078388
-0.080011
-0.081108
-0.082641
-0.084181
-0.085688
-0.086936
-0.087657
-0.088437
-0.08874
-0.088469
-0.087936
-0.086686
-0.085196
-0.083543
-0.081581
-0.079542
-0.077549
-0.075324
-0.073817
-0.072318
-0.071307
-0.069868
-0.069051
-0.067879
-0.066687
-0.064913
-0.063516
-0.061529
-0.059964
-0.058963
-0.058394
-0.058948
-0.060209
-0.062254
-0.064987
-0.067667
-0.070642
-0.073307
-0.075554
-0.077436
-0.078638
-0.080279
-0.0814
-0.082184
-0.083358
-0.084649
-0.086202
-0.087647
-0.088755
-0.089635
-0.089937
-0.089783
-0.089229
-0.088456
-0.087267
-0.086149
-0.084746
-0.084287
-0.082974
-0.081789
-0.080457
-0.078875
-0.076942
-0.075259
-0.073144
-0.070776
-0.068191
-0.065947
-0.063941
-0.06195
-0.060413
-0.059176
-0.058582
-0.057758
-0.057266
-0.057069
-0.056744
-0.056948
-0.056769
-0.057147
-0.057838
-0.058825
-0.060053
-0.061695
-0.063669
-0.065944
-0.06889
-0.071586
-0.074429
-0.076981
-0.079376
-0.080783
-0.082043
-0.082876
-0.084013
-0.085079
-0.086288
-0.088354
-0.090351
-0.092301
-0.094342
-0.095772
-0.096498
-0.096946
-0.096381
-0.095284
-0.093396
-0.091056
-0.088212
-0.085776
-0.082986
-0.080456
-0.078597
-0.076523
-0.075001
-0.073645
-0.07241
-0.071028
-0.069392
-0.068048
-0.06652
-0.06488
-0.062999
-0.061396
-0.060427
-0.059233
-0.058701
-0.058565
-0.058733
-0.059351
-0.060025
-0.060653
-0.060789
-0.060892
-0.060918
-0.060939
-0.06128
-0.062218
-0.063664
-0.065614
-0.068644
-0.071852
-0.075718
-0.078884
-0.082012
-0.084408
-0.086294
-0.087265
-0.087908
-0.088099
-0.088159
-0.088463
-0.088498
-0.088389
-0.087918
-0.087308
-0.086066
-0.084423
-0.08216
-0.079838
-0.077784
-0.075862
-0.074317
-0.07292
-0.072559
-0.072682
-0.072886
-0.073539
-0.073748
-0.073762
-0.073822
-0.07333
-0.073115
-0.072521
-0.071726
-0.070934
-0.070473
-0.070115
-0.070103
-0.069893
-0.06978
-0.070057
-0.070665
-0.071627
-0.073152
-0.075342
-0.077793
-0.080688
-0.083413
-0.085724
-0.0875
-0.088673
-0.089054
-0.088627
-0.087324
-0.085887
-0.084446
-0.082752
-0.081029
-0.079212
-0.077767
-0.076337
-0.074523
-0.072742
-0.070483
-0.067993
-0.065439
-0.063037
-0.0608
-0.05933
-0.057849
-0.05731
-0.056565
-0.056559
-0.056424
-0.056784
-0.056975
-0.057437
-0.057746
-0.058084
-0.058764
-0.059368
-0.060664
-0.062401
-0.064881
-0.067754
-0.071223
-0.07482
-0.078687
-0.082327
-0.085727
-0.088446
-0.090789
-0.092396
-0.093068
-0.094142
-0.09445
-0.094508
-0.095462
-0.096401
-0.097001
-0.0978
-0.098817
-0.098934
-0.098466
-0.097563
-0.096121
-0.093906
-0.090958
-0.087845
-0.084431
-0.080537
-0.07716
-0.073732
-0.07063
-0.067875
-0.065738
-0.063735
-0.062225
-0.060899
-0.059968
-0.059017
-0.05808
-0.057589
-0.057709
-0.058087
-0.059391
-0.061239
-0.063285
-0.066012
-0.068414
-0.070744
-0.072825
-0.074013
-0.075376
-0.076625
-0.077422
-0.078642
-0.07999
-0.081696
-0.08352
-0.086011
-0.087687
-0.089438
-0.090657
-0.091181
-0.091602
-0.09109
-0.090432
-0.08935
-0.088186
-0.087299
-0.086651
-0.085921
-0.085289
-0.084254
-0.083142
-0.081522
-0.080053
-0.078407
-0.076652
-0.07508
-0.073959
-0.072545
-0.071472
-0.07031
-0.068881
-0.067255
-0.065184
-0.063165
-0.060879
-0.058773
-0.056942
-0.055356
-0.054251
-0.053408
-0.052866
-0.052914
-0.053397
-0.054109
-0.055182
-0.056481
-0.058679
-0.060897
-0.063259
-0.066193
-0.069364
-0.072145
-0.074622
-0.0761
-0.077423
-0.077841
-0.077211
-0.076586
-0.075834
-0.074767
-0.073988
-0.073474
-0.073393
-0.073726
-0.074336
-0.075066
-0.07609
-0.077181
-0.078164
-0.079767
-0.081069
-0.082166
-0.083639
-0.085259
-0.086214
-0.08706
-0.087486
-0.087021
-0.086398
-0.084689
-0.082903
-0.0809
-0.078595
-0.076788
-0.074902
-0.073699
-0.07303
-0.072554
-0.072428
-0.072815
-0.072943
-0.073232
-0.073577
-0.074014
-0.074419
-0.074852
-0.075026
-0.075547
-0.076211
-0.0767
-0.077436
-0.078358
-0.079477
-0.080271
-0.081018
-0.081215
-0.081102
-0.080437
-0.079433
-0.078212
-0.077038
-0.075784
-0.074754
-0.074462
-0.074585
-0.075017
-0.075306
-0.07566
-0.075318
-0.074622
-0.073255
-0.071585
-0.069251
-0.067055
-0.064912
-0.062942
-0.061358
-0.060332
-0.059883
-0.059241
-0.058816
-0.05886
-0.058898
-0.059584
-0.059773
-0.060726
-0.061811
-0.063296
-0.065112
-0.066951
-0.068688
-0.070773
-0.072349
-0.073962
-0.075367
-0.076661
-0.077783
-0.078685
-0.080272
-0.081995
-0.083976
-0.086133
-0.088198
-0.089961
-0.091194
-0.092131
-0.092545
-0.092499
-0.091902
-0.091344
-0.090379
-0.08954
-0.088476
-0.086889
-0.085239
-0.082796
-0.079998
-0.076902
-0.073208
-0.069122
-0.065878
-0.06252
-0.059501
-0.057137
-0.055018
-0.053774
-0.052246
-0.051383
-0.05057
-0.050061
-0.050161
-0.050659
-0.051733
-0.054152
-0.057143
-0.06134
-0.065219
-0.069818
-0.073923
-0.077542
-0.080355
-0.082635
-0.084736
-0.085751
-0.087237
-0.088544
-0.089902
-0.091527
-0.093014
-0.094447
-0.095688
-0.096183
-0.096588
-0.096866
-0.096765
-0.096298
-0.095797
-0.095576
-0.09541
-0.094701
-0.093847
-0.092972
-0.091578
-0.089631
-0.087547
-0.084475
-0.081312
-0.077628
-0.073968
-0.070689
-0.067684
-0.064783
-0.062712
-0.061275
-0.059975
-0.059334
-0.058791
-0.058647
-0.058583
-0.059018
-0.059809
-0.061508
-0.063107
-0.064989
-0.066944
-0.069066
-0.070751
-0.072202
-0.073104
-0.073913
-0.073789
-0.073467
-0.073189
-0.072755
-0.072649
-0.073123
-0.073553
-0.074905
-0.076239
-0.077598
-0.078958
-0.080734
-0.081333
-0.082494
-0.082666
-0.082634
-0.081793
-0.08127
-0.080317
-0.078818
-0.077677
-0.075759
-0.073944
-0.072003
-0.070434
-0.068763
-0.067783
-0.067017
-0.067024
-0.067448
-0.068379
-0.069266
-0.070241
-0.071557
-0.07246
-0.073181
-0.073428
-0.073504
-0.073181
-0.072489
-0.071325
-0.069901
-0.068636
-0.067787
-0.067515
-0.067345
-0.067581
-0.068487
-0.069921
-0.071423
-0.072947
-0.074439
-0.075868
-0.076598
-0.076934
-0.076833
-0.076628
-0.076454
-0.076278
-0.076306
-0.076763
-0.077352
-0.077542
-0.078057
-0.077921
-0.07744
-0.076902
-0.075836
-0.07475
-0.073953
-0.073034
-0.072561
-0.072419
-0.072581
-0.07277
-0.073202
-0.072925
-0.073099
-0.072749
-0.072342
-0.07207
-0.071914
-0.07179
-0.071675
-0.072108
-0.071975
-0.072735
-0.073076
-0.073932
-0.074904
-0.07639
-0.077558
-0.079263
-0.081243
-0.083377
-0.085909
-0.087924
-0.090001
-0.091497
-0.092944
-0.093918
-0.094472
-0.094598
-0.093834
-0.093057
-0.091895
-0.090541
-0.08852
-0.086412
-0.084303
-0.082133
-0.07982
-0.077511
-0.075277
-0.072492
-0.069794
-0.067022
-0.063903
-0.060933
-0.058054
-0.055793
-0.054013
-0.053217
-0.053038
-0.053822
-0.054925
-0.056158
-0.057241
-0.058148
-0.058568
-0.058334
-0.058117
-0.057842
-0.058203
-0.058768
-0.060454
-0.062478
-0.065127
-0.067963
-0.070242
-0.072191
-0.073268
-0.074185
-0.074356
-0.074343
-0.074709
-0.076143
-0.078452
-0.080999
-0.084375
-0.087976
-0.09084
-0.093191
-0.093549
-0.092787
-0.090467
-0.087464
-0.083767
-0.079969
-0.077022
-0.075214
-0.074156
-0.073949
-0.074676
-0.075966
-0.077004
-0.078159
-0.078938
-0.079116
-0.079072
-0.078721
-0.078652
-0.079072
-0.079472
-0.08043
-0.081309
-0.082173
-0.082559
-0.082282
-0.08141
-0.07995
-0.077945
-0.075771
-0.073689
-0.071383
-0.069965
-0.068904
-0.068553
-0.06869
-0.069379
-0.070628
-0.071862
-0.073262
-0.074851
-0.076451
-0.077758
-0.079008
-0.08014
-0.081075
-0.081563
-0.081825
-0.081474
-0.081222
-0.080164
-0.079302
-0.077703
-0.076393
-0.075341
-0.074385
-0.074042
-0.073885
-0.074043
-0.074808
-0.075735
-0.076763
-0.077474
-0.078255
-0.078429
-0.077942
-0.077158
-0.076209
-0.075219
-0.073893
-0.07308
-0.072318
-0.072019
-0.071897
-0.071968
-0.072267
-0.071806
-0.071744
-0.071071
-0.070413
-0.069772
-0.069346
-0.068993
-0.068851
-0.069309
-0.06965
-0.070305
-0.070926
-0.071346
-0.071688
-0.071656
-0.07144
-0.070639
-0.069472
-0.068407
-0.067414
-0.066525
-0.065872
-0.06559
-0.066103
-0.067086
-0.068323
-0.069493
-0.070493
-0.07162
-0.072041
-0.071994
-0.071528
-0.070576
-0.06918
-0.067839
-0.066723
-0.065661
-0.06521
-0.065334
-0.065908
-0.067186
-0.068742
-0.07043
-0.072221
-0.074151
-0.076147
-0.077653
-0.079196
-0.080734
-0.081924
-0.082964
-0.084035
-0.085119
-0.086326
-0.087184
-0.088054
-0.088563
-0.088751
-0.088197
-0.087325
-0.086423
-0.085039
-0.083653
-0.081955
-0.080437
-0.078859
-0.077505
-0.075745
-0.074612
-0.073707
-0.073071
-0.072253
-0.071655
-0.070877
-0.070241
-0.069643
-0.068705
-0.067952
-0.067512
-0.067294
-0.067794
-0.067981
-0.068921
-0.069498
-0.069897
-0.06998
-0.069704
-0.068759
-0.067732
-0.066396
-0.06489
-0.063459
-0.062447
-0.061511
-0.061144
-0.061353
-0.061944
-0.063087
-0.064818
-0.066647
-0.068687
-0.070474
-0.072299
-0.073894
-0.075004
-0.075978
-0.076854
-0.07775
-0.077971
-0.078374
-0.078475
-0.078799
-0.079186
-0.079931
-0.080465
-0.081065
-0.08113
-0.081409
-0.081727
-0.081388
-0.081843
-0.081979
-0.08235
-0.082862
-0.083577
-0.08429
-0.085081
-0.085415
-0.085978
-0.085325
-0.084694
-0.083524
-0.081906
-0.079912
-0.077592
-0.074816
-0.072301
-0.070022
-0.067954
-0.066061
-0.065213
-0.064702
-0.064725
-0.06494
-0.065712
-0.066061
-0.066231
-0.066523
-0.066471
-0.066654
-0.066788
-0.066827
-0.067491
-0.068177
-0.069276
-0.069721
-0.070914
-0.071245
-0.071788
-0.072455
-0.073544
-0.074284
-0.075093
-0.076238
-0.077719
-0.079367
-0.080444
-0.08099
-0.081249
-0.080813
-0.079664
-0.078663
-0.076624
-0.074938
-0.072857
-0.071428
-0.070045
